0 0.2860739505285239 0.615131430203564 0.027736144553879356 0.02138129800699133
0 0.5590053174232953 0.5766992236593517 0.01810553880600466 0.012720519067450482
0 0.6924855130888399 0.5785937690523764 0.016179417656429676 0.010555324332565376
0 0.5632427839523602 0.6404371436675348 0.01040105420770466 0.008660778939540847
0 0.530113500179671 0.6497745459617272 0.008860157288044946 0.007307532230237541
0 0.48311614413004195 0.658029350888477 0.008860157288044875 0.008119480255819411
0 0.3307599611986629 0.6706145452849972 0.009245381517959785 0.007307532230237541
0 0.4707889687727622 0.6814405189594231 0.010401054207704732 0.007307532230237399
0 0.41705018869962096 0.6254161051942687 0.009245381517959856 0.006224934862794811
0 0.48369398047491446 0.5343426016581602 0.010786278437619715 0.0064955842046556
0 0.41993937042398344 0.5434093546104919 0.011171502667534767 0.007307532230237612
0 0.4087678677564486 0.5697976654419052 0.006548811908554839 0.005954285520934235
0 0.370052832649992 0.595103378905876 0.007704484598299786 0.005142337495352294
0 0.39682591662908395 0.6091771446826297 0.007319260368384875 0.005683636179073659
0 0.39316628644489143 0.6247394818396171 0.007704484598299857 0.005412986837213012
0 0.5154749794429012 0.6287992219675269 0.009630605747874768 0.005412986837213154
0 0.5638206202972327 0.6162140275710066 0.006934036138470034 0.004601038811630928
0 0.7414089902880437 0.6076885733023961 0.01001582997778982 0.007036882888376752
0 0.803622703419315 0.5704742887965568 0.008860157288044804 0.007848830913958835
0 0.8022744186146125 0.6237922091431048 0.008474933058129607 0.007307532230237612
0 0.7903324674872476 0.6447675331373053 0.008474933058130034 0.006495584204655529
0 0.7525804929555785 0.6377306502489283 0.009245381517959856 0.005412986837213012
0 0.7672190136923481 0.6583000002303376 0.007704484598299928 0.005412986837212799
0 0.7672190136923481 0.6795459735663986 0.007704484598299928 0.005683636179073659
0 0.6065805098177967 0.6627657143710386 0.006934036138469751 0.005683636179073659
0 0.4773377806813171 0.46573299349648545 0.011171502667534838 0.007307532230237541
0 0.39624808028421143 0.4222937741278512 0.009245381517959856 0.007036882888376823
0 0.31111352547299836 0.3967174113220197 0.012327175357279714 0.006224934862794953
0 0.26296049673362437 0.44651689022437935 0.01078627843761982 0.006766233546516176
0 0.235224352179745 0.4588314352790388 0.01155672689744975 0.0064955842046556
0 0.32652249466959804 0.478453512563936 0.012327175357279643 0.007848830913958906
0 0.37679425667350436 0.499293511887206 0.008089708828214838 0.006766233546516247
0 0.4035673406525963 0.4665449415220674 0.010786278437619786 0.006766233546516176
0 0.4582615862406303 0.38376399109529996 0.012453899277963174 0.009027583953023353
0 0.500664148067981 0.3874444676299942 0.009884047046002493 0.007222067162418711
0 0.5151936972256047 0.4014719442339228 0.005337385404841442 0.004722120836966041
0 0.4844543109125368 0.40619406507088884 0.0055350663457613795 0.0033332617672701304
0 0.49997226477476076 0.4484153807896442 0.008895642341402308 0.00527766446484442
0 0.49700705066096007 0.4613317701378161 0.008895642341402237 0.006110979906661953
0 0.5135134092277842 0.45640132044039566 0.010279408927842794 0.006527637627570755
0 0.5333803437902492 0.4594568103937267 0.009291004223242255 0.005972093999692305
0 0.5660965395125175 0.46119288423084653 0.010674770809682599 0.006666523534540403
0 0.4501566676629082 0.4424432867899519 0.009686366105082484 0.006388751720601249
0 0.39006166162321293 0.4518180855103992 0.009686366105082413 0.006527637627570755
0 0.3365889671043394 0.4466098639990396 0.008697961400482157 0.006666523534540261
0 0.3601129990738254 0.41418000472164024 0.009488685164162404 0.005972093999692376
0 0.3639677774217664 0.42258260209330045 0.00810491857772206 0.004166577209087663
0 0.22055025478426998 0.3775835682351532 0.011070132691522794 0.006666523534540403
0 0.21096272914964762 0.3932776757227169 0.010081727986922574 0.006666523534540261
0 0.2130383790293081 0.40793013890800867 0.009488685164162404 0.007083181255449133
0 0.2294458971256723 0.4050135348616473 0.00948868516416237 0.0062498658136314585
0 0.25682470744309926 0.4051524207686169 0.009686366105082484 0.005972093999692305
0 0.26651107354818165 0.4050829778151321 0.008500280459562219 0.006944295348479485
0 0.27985453706028507 0.4239714611629964 0.007511875754961892 0.005833208092722799
0 0.09442981447727807 0.404110776466345 0.011860856455202988 0.008333154418175469
0 0.0715976658010123 0.41133284362876366 0.013639984923483449 0.010555328929688912
0 0.11577935609664347 0.41542997788436664 0.00988404704600251 0.008749812139084198
0 0.09670314529785866 0.4298046692557192 0.012453899277963157 0.004444349023026817
0 0.11301182292376279 0.4377211659529858 0.008697961400482193 0.005833208092722799
0 0.16025756780365477 0.45813739427751554 0.010279408927842635 0.006110979906662024
0 0.18269435459808045 0.45480413251024543 0.00929100422324236 0.00722206716241864
0 0.22361430936853083 0.47028991113735474 0.00929100422324229 0.007360953069388288
0 0.19040391129396242 0.4843868306947682 0.009686366105082484 0.006388751720601107
0 0.2898374245767476 0.47772030716022784 0.00968636610508245 0.0063887517206011775
0 0.3064426236140318 0.4770258776253799 0.010081727986922537 0.008610926232114622
0 0.21392794326344833 0.5268859182274628 0.00929100422324236 0.006944295348479343
0 0.25969108108643996 0.5317469249713983 0.008697961400482193 0.005833208092722799
0 0.27688932294648433 0.5288997638785218 0.009093323282322317 0.006249865813631601
0 0.2632493380230008 0.5211221530882247 0.0075118757549619275 0.004027691302118157
0 0.15086772310995236 0.5373718042036667 0.00968636610508245 0.00486100674393576
0 0.060428692639029474 0.5196638510650441 0.009488685164162396 0.006666523534540332
0 0.0542017430000479 0.5357746162735164 0.00810491857772206 0.006110979906661953
0 0.13653585489324874 0.4990392938800599 0.010279408927842617 0.00680540944150998
0 0.08009794626057445 0.5593852204583469 0.010081727986922563 0.007222067162418711
0 0.20009027739904486 0.5689683480392486 0.009291004223242326 0.006110979906661953
0 0.17360103131575813 0.5970927442005906 0.010872451750602714 0.00680540944150998
0 0.18348507836176065 0.7075764831948996 0.011267813632442909 0.0077776107902968765
0 0.2726391827167032 0.6882713421261265 0.008895642341402272 0.006388751720601249
0 0.2604818048501201 0.7046598791485381 0.008302599518642175 0.006110979906661953
0 0.2964597360975693 0.7050765368694469 0.011070132691522794 0.008333154418175184
0 0.33471099816559885 0.7132708053806528 0.01324462304164335 0.008610926232114622
0 0.2030554915128456 0.7261871947288246 0.00810491857772206 0.005277664464844634
0 0.11004660880996205 0.7188262416594364 0.009093323282322298 0.006110979906661953
0 0.08078982955379463 0.679313201126588 0.011465494573362909 0.007916496697266809
0 0.06299854487099013 0.6504249324769131 0.010279408927842609 0.0073609530693882165
0 0.023066994805140014 0.6418834491982836 0.008697961400482202 0.005833208092722799
0 0.07337679426929275 0.6932017918235469 0.009291004223242335 0.006527637627570755
0 0.09512169777049825 0.7096597717994433 0.006918832932201759 0.005833208092722799
0 0.14869323275983182 0.7086875704506562 0.005337385404841352 0.004722120836965899
0 0.13030890525426717 0.6857713958006738 0.007314194814041866 0.006388751720601107
0 0.12042485820826468 0.6356335833846518 0.008500280459562167 0.0047221208369661125
0 0.14908859464167193 0.6716744762432606 0.007709556695881954 0.006527637627570613
0 0.251882683920098 0.6604247177787237 0.006523471050361635 0.0056943221857531515
0 0.47377954010285417 0.6886879998470353 0.009093323282322246 0.006110979906661953
0 0.39421296138253403 0.7025071475905094 0.00810491857772206 0.006249865813631601
0 0.3762239957588095 0.6841742078705235 0.008500280459562148 0.005694322185753293
0 0.3907535449164331 0.7116041744970176 0.009488685164162333 0.006666523534540261
0 0.33075737934719796 0.7036182348462663 0.007314194814041813 0.0034721476742397782
0 0.4933499532539392 0.7442423626348713 0.013046942100723342 0.008888698046053634
0 0.5682710298626382 0.7140346778689854 0.01344230398256343 0.009860899394840885
0 0.6919204584081293 0.7021599328230856 0.012849261159803262 0.009444241673932083
0 0.6299474834296938 0.7257705370079159 0.010279408927842652 0.008888698046053776
0 0.599899980409846 0.7340342484726066 0.011070132691522828 0.004583234929996536
0 0.6016791088781265 0.752158859332138 0.009093323282322104 0.007499838976357864
0 0.666419617029443 0.7750750339821204 0.011663175514283069 0.007499838976357864
0 0.6670126598522031 0.7629225171222812 0.009686366105082556 0.006527637627570755
0 0.6669138193817432 0.7079931409158084 0.009884047046002565 0.006666523534540261
0 0.7703997919533893 0.7300065571704886 0.010477089868762732 0.006527637627570897
0 0.7703997919533893 0.7636169466571292 0.010477089868762732 0.007916496697266524
0 0.8465069542076086 0.7622280875874332 0.009291004223242395 0.008749812139084127
0 0.8578736083105113 0.7315343021471539 0.008697961400482228 0.007083181255449062
0 0.7992612093277165 0.7189651275664058 0.00810491857772206 0.007222067162418711
0 0.8237736460018027 0.6943823220327886 0.007709556695881901 0.005833208092722799
0 0.8610365033652323 0.6578553284997862 0.008697961400482228 0.007499838976357864
0 0.8538211490216503 0.647091670709643 0.012453899277963245 0.007916496697266667
0 0.8613330247766123 0.6334808518266233 0.009291004223242255 0.007083181255449204
0 0.8689437410020341 0.6405640330820722 0.009884047046002565 0.008749812139084198
0 0.9061077578950036 0.6537581942441832 0.006325790109441556 0.005138778557874986
0 0.904130948485803 0.6720911339641692 0.007511875754961892 0.004305463116057524
0 0.864495919831333 0.6770215836615897 0.009686366105082413 0.00777761079029716
0 0.8411695688027672 0.6930629059165774 0.009686366105082556 0.007916496697266667
0 0.706351167095293 0.6607024895926628 0.010081727986922431 0.006527637627570755
0 0.7375847557606608 0.6836186642426452 0.00810491857772206 0.005138778557874844
0 0.8876245899189789 0.5805653212712093 0.009686366105082271 0.00624986581363153
0 0.8566875226649912 0.5595241063653164 0.007511875754962034 0.0058332080927228705
0 0.8462104327962284 0.5620934956442538 0.009488685164162404 0.007083181255449062
0 0.8616295461879924 0.607092529502401 0.006325790109441556 0.006249865813631601
0 0.8078603302577388 0.6052175697583116 0.008302599518641927 0.0036110335812092843
0 0.7942203453342555 0.6112591067114888 0.005139704463921219 0.0056943221857531515
0 0.7268111444805183 0.601675979130587 0.008697961400482228 0.006249865813631601
0 0.6532738344582597 0.6043148113630092 0.010674770809682599 0.005972093999692305
0 0.7068453694475931 0.5666072876207655 0.008697961400482228 0.005833208092722799
0 0.7891794813407941 0.530149737041248 0.01324462304164328 0.009305355766962507
0 0.8069707660235985 0.5407050659709368 0.009686366105082271 0.007083181255449133
0 0.8945434228511807 0.5388301062268475 0.010477089868762448 0.006944295348479485
0 0.8813976402799975 0.5436216700172982 0.006325790109441556 0.005972093999692305
0 0.8393904403344868 0.6010509925492238 0.008104918577721918 0.004999892650905267
0 0.7309624442398394 0.5086918644144464 0.004744342582081202 0.004999892650905267
0 0.8484837636168091 0.49896985092657514 0.004546661641161336 0.00527766446484442
0 0.8610365033652323 0.4995253945544535 0.008697961400482228 0.007222067162418711
0 0.6934030654650297 0.47306762927674656 0.006721151991281715 0.005416550371813997
0 0.5936730307708644 0.4778591930671973 0.008895642341402166 0.0058332080927228705
0 0.6068188133420478 0.47501203197432085 0.00830259951864214 0.0056943221857531515
0 0.6302440048410738 0.48390073002037454 0.01166317551428314 0.006527637627570684
0 0.5631313253987167 0.49515048848491133 0.009884047046002565 0.004305463116057311
0 0.5851727503113023 0.4914005689967324 0.004942023523001353 0.005138778557874915
0 0.5428690289544116 0.5043169583449043 0.006128109168521618 0.0073609530693882165
0 0.544351636011312 0.5435522270638136 0.009884047046002565 0.005833208092722799
0 0.5628348039873368 0.5429966834359352 0.008104918577722131 0.00527766446484442
0 0.5706432011536787 0.5479271331333557 0.009093323282322246 0.0056943221857531515
0 0.5238916586260869 0.5410522807383609 0.010081727986922502 0.006110979906662024
0 0.5072864595888026 0.5251498443903428 0.009291004223242395 0.006249865813631601
0 0.5143041329914644 0.5385523344129084 0.009884047046002707 0.006110979906661953
0 0.4911754629038185 0.5012614683915733 0.0055350663457613795 0.005972093999692376
0 0.4729888163391739 0.508483535553992 0.008697961400482157 0.0056943221857531515
0 0.45608709589050966 0.5249415155298884 0.01047708986876259 0.00666652353454019
0 0.4370108850917248 0.5458438445288117 0.01067477080968267 0.007360953069388359
0 0.3984631016123151 0.5288997638785218 0.0055350663457613795 0.005972093999692305
0 0.4073587439537174 0.4859840186249184 0.009093323282322317 0.00430546311605724
0 0.4812914158578161 0.4729287433697769 0.006721151991281644 0.005972093999692376
0 0.4465984107263473 0.45765129360312196 0.008500280459562148 0.005138778557874844
0 0.5770678317335803 0.44285994451086064 0.007314194814041883 0.007499838976357864
0 0.556212492466515 0.45049866939418803 0.009093323282322317 0.0047221208369661125
0 0.6332092189548745 0.46174842785872494 0.007709556695881901 0.006110979906661953
0 0.6292556001364736 0.44515156197585887 0.009291004223242395 0.006805409441509909
0 0.5317988962628888 0.4132078033728531 0.005337385404841299 0.004027691302118086
0 0.6339011022480947 0.42542976318617703 0.006325790109441556 0.007638724883327512
0 0.6677045431454232 0.43508233372056354 0.008302599518642212 0.0036110335812093554
0 0.6756117807822253 0.4077218100475543 0.005930428227601397 0.005833208092722799
0 0.6802572828938466 0.3907777293972643 0.009686366105082556 0.006666523534540332
0 0.5936730307708644 0.3882777830718117 0.008895642341402166 0.006110979906661953
0 0.6015802684076665 0.34015381630684866 0.010081727986922502 0.007916496697266667
0 0.544153955070392 0.3399454874463943 0.011860856455202936 0.009999785301810463
0 0.5499855428275334 0.3655004943287989 0.009686366105082698 0.0063887517206011775
0 0.4250511881660618 0.3455009237251779 0.014035346805323598 0.007777610790297018
0 0.43730740650310496 0.33966771563245507 0.009686366105082484 0.005833208092722799
0 0.3734564625859288 0.4048052060011929 0.008895642341402308 0.006944295348479485
0 0.43305726627332386 0.32272363498216505 0.006721151991281715 0.00527766446484442
0 0.5149960162846845 0.3002935610065763 0.022733308205805755 0.014305248417867773
0 0.6653323718543828 0.2958492119835494 0.01304694210072327 0.008194268511205891
0 0.777812827237891 0.27494688298462605 0.013046942100723413 0.00916646985999293
0 0.8100348206078593 0.25980831912494073 0.010279408927842865 0.007499838976357864
0 0.7618995114938271 0.23765601696329106 0.004546661641161052 0.003749919488178932
0 0.7140607237911749 0.22980896321950922 0.008895642341402379 0.004444349023026888
0 0.6907343727626091 0.23661437266101917 0.010477089868762732 0.00527766446484442
0 0.6894494466466287 0.25758614461342727 0.009488685164162404 0.007499838976357864
0 0.6460584801146777 0.25939166140403197 0.008895642341402095 0.006110979906661988
0 0.6503086203444588 0.267516486961753 0.009093323282322246 0.006527637627570755
0 0.7072407313294332 0.26925256079887283 0.00830259951864207 0.005277664464844456
0 0.532391939085649 0.2225868960570905 0.010477089868762661 0.006944295348479521
0 0.5183565922803255 0.22682291621966302 0.010477089868762732 0.006805409441509909
0 0.5900159333638436 0.23966986261435014 0.009093323282322246 0.006666523534540332
0 0.6251043003771525 0.19196255357029585 0.0069188329322017236 0.007083181255449098
0 0.7120839143819745 0.18640711729151227 0.01324462304164328 0.009027583953023388
0 0.7253285374236179 0.17737953333848894 0.012058537396123085 0.00624986581363153
0 0.677885111602806 0.15842160703713984 0.008895642341402237 0.007499838976357847
0 0.678576994896026 0.13231105652685687 0.008302599518642212 0.004999892650905249
0 0.5355548341403699 0.15987990906032054 0.010081727986922502 0.00847204032514501
0 0.5317988962628889 0.1760601172222778 0.01087245175060275 0.007222067162418711
0 0.47980880880091575 0.1721018688736445 0.009291004223242326 0.008194268511205784
0 0.6788735163074061 0.06168757283282027 0.029454460197087542 0.022360631022104026
0 0.7922435359250548 0.08446486157583308 0.009488685164162262 0.00791649669726665
0 0.8620249080698323 0.08849255287795117 0.006325790109441556 0.006249865813631548
0 0.8881187922712792 0.08460374748280267 0.0055350663457613795 0.004583234929996483
0 0.8723043169976751 0.1097420966442985 0.005930428227601539 0.006805409441509927
0 0.8057846803780783 0.13494988875927913 0.010081727986922574 0.008610926232114603
0 0.6696813525546239 0.11786692220201951 0.008697961400482228 0.009166469859992966
0 0.6322208142502742 0.09113138511037341 0.01087245175060275 0.008194268511205837
0 0.5939695521822447 0.07890942529704946 0.010674770809682741 0.007360953069388279
0 0.5343687484948496 0.0440268325093601 0.009291004223242255 0.006944295348479504
0 0.7436140244587225 0.008402597371660207 0.007116513873121875 0.006805409441509921
0 0.7862142672269933 0.017013523603774804 0.014035346805323456 0.010138671208780085
0 0.765358927959928 0.01534689272013972 0.011070132691522759 0.0070831812554491
0 0.7552771999730055 0.011874745045899962 0.0055350663457613795 0.005138778557874838
0 0.8330646502250452 0.034721476742397554 0.006523471050361564 0.006110979906661971
0 0.8470999970303685 0.018332939719985907 0.008895642341402237 0.007777610790297049
0 0.8708217099407747 0.016805194743320415 0.008500280459561936 0.007499838976357871
0 0.9401026749012249 0.05791542320631912 0.009884047046002565 0.008610926232114586
0 0.9198403784569197 0.004583234929996477 0.009686366105082413 0.00694429534847951
0 0.8385935117387792 0.0032638188137853697 0.006523471050361564 0.0034721476742397557
0 0.8552975512465235 0.012152516859839141 0.009884047046002565 0.005694322185753199
0 0.8966128678988139 0.0283327250217964 0.007907237636802051 0.006388751720601147
0 0.9447481770128461 0.11645583299400136 0.0187796893874048 0.012638617534232725
0 0.9262650090368214 0.14812181978306796 0.017000560919124438 0.010971986650597626
0 0.8719027502838077 0.2161759141981672 0.011860856455202793 0.00847204032514501
0 0.9015548914218152 0.21388429673316892 0.012256218337043094 0.01027755711574965
0 0.8953279417828335 0.2507585050335951 0.012453899277963245 0.0065276376275707195
0 0.8709143455792073 0.337909411657013 0.01146549457336306 0.006666523534540332
0 0.7884813932155466 0.32790962635520243 0.006325790109441698 0.006110979906662024
0 0.9627371426365707 0.37749189514334625 0.010081727986922574 0.006666523534540261
0 0.8835659257980905 0.41457443230422686 0.010674770809682741 0.0074998389763579355
0 0.7930280548567077 0.4189493383737688 0.011465494573362918 0.007638724883327512
0 0.7766205367603434 0.39499151942151456 0.011465494573362918 0.009444241673932083
0 0.7896674788610667 0.3910332710728812 0.009093323282322104 0.006249865813631672
0 0.806569199309731 0.377561338096831 0.009686366105082413 0.007083181255449062
0 0.8465995898460412 0.4591568084414652 0.008302599518642212 0.006666523534540261
0 0.9448470174833061 0.47651754681266406 0.013046942100723413 0.008888698046053776
0 0.964516271104851 0.4803369092543277 0.008895642341402237 0.007083181255449062
0 0.9849762484900764 0.4706843387199413 0.012256218337043094 0.0063887517206011775
0 0.9306139897370624 0.4695732514641845 0.009488685164162404 0.004444349023026888
0 0.9394107916080049 0.49887817783476807 0.009686366105082271 0.006110979906661953
0 0.9097586504699973 0.49221165430022773 0.009291004223242395 0.006110979906661953
0 0.9756852442668338 0.5281831042053515 0.013442303982563289 0.009166469859993
0 0.9835924819036359 0.538530104274586 0.00830259951864207 0.0068054094415098375
0 0.956905554879429 0.7117902732191499 0.009884047046002422 0.006388751720601249
0 0.9249800829208411 0.6726938904072103 0.010081727986922574 0.007638724883327512
0 0.9192473356341595 0.6953322932432533 0.007709556695882042 0.005972093999692305
0 0.956806714408969 0.69137404489462 0.012849261159803262 0.006944295348479414
0 0.8212964294082749 0.7419285150315509 0.009488685164162689 0.006944295348479414
0 0.9253754448026811 0.7643585890071398 0.013639984923483298 0.009860899394840885
0 0.9026421365968754 0.7846359314246999 0.008895642341402379 0.0056943221857531515
0 0.7666376492438809 0.796441233517115 0.009686366105082413 0.006805409441509909
0 0.6448661896371302 0.8098437235396804 0.013639984923483369 0.006388751720601107
0 0.6201560720221239 0.7910941260987857 0.007709556695882042 0.005555436278783645
0 0.6114581106216417 0.7647058037745638 0.006523471050361635 0.005833208092722799
0 0.6108650677988815 0.8350515156546612 0.012058537396123014 0.004027691302118086
0 0.6700705096044365 0.836787589491781 0.012651580218883112 0.005833208092722799
0 0.7403460841015144 0.8436624418867757 0.011267813632442909 0.006527637627570613
0 0.7659457659506609 0.8459540593517739 0.01304694210072327 0.0069442953484795565
0 0.8656758006448261 0.8341487572593587 0.009291004223242395 0.0052776644648444915
0 0.9002699653058349 0.8920641804656779 0.015221432450843935 0.012221959813323763
0 0.7278921848235512 0.8769950595594775 0.014430708687163474 0.010416443022719334
0 0.9624406212251906 0.857828804397674 0.019768094092004845 0.012083073906354401
0 0.9101540123518373 0.8757450863967512 0.010081727986922574 0.007638724883327512
0 0.9848774080196162 0.9153275698830842 0.0183843275055645 0.013194161162111157
0 0.9595742475818497 0.9311605632776175 0.011267813632442909 0.00874981213908427
0 0.8688386956995466 0.9249801404174707 0.007314194814041883 0.0052776644648444915
0 0.6852919420552803 0.9378270868121578 0.011465494573362918 0.00819426851120582
0 0.8038016661368503 0.9484518586953314 0.012058537396123085 0.006666523534540403
0 0.8032086233140902 0.9342854961844332 0.008895642341402237 0.005555436278783645
0 0.8185288962353942 0.882550495838261 0.0071165138731217326 0.007083181255449204
0 0.7354040605785132 0.9151886839761147 0.012453899277963103 0.0073609530693882165
0 0.6935945415739225 0.9024806234883971 0.01344230398256343 0.006388751720601107
0 0.7096066977884464 0.8786616904431125 0.009884047046002565 0.006527637627570897
0 0.7625851899550199 0.8782450327222037 0.008302599518642212 0.006249865813631601
0 0.5663868560918703 0.8981057174188553 0.011267813632442766 0.00819426851120582
0 0.5595668636301286 0.939493717695793 0.0130469421007232 0.009583127580901874
0 0.5913934951182566 0.9687292011128917 0.01304694210072327 0.008055382604236171
0 0.5907016118250364 0.9813678186471244 0.01047708986876259 0.007222067162418569
0 0.49462867453789205 0.9844927515539402 0.013244623041643422 0.006527637627570755
0 0.37305489587206125 0.9250495833709554 0.010081727986922574 0.0056943221857531515
0 0.35674621824615715 0.9278273015103474 0.009093323282322388 0.006527637627570613
0 0.5908004522954964 0.9023417375814275 0.008697961400482086 0.006388751720601107
0 0.29383538977013457 0.3494571924099678 0.015260573277146002 0.01164599995712102
0 0.20043015678070636 0.358330335234441 0.018944159930250278 0.012015714241474029
0 0.380136562785719 0.22477105001190195 0.008945853300395967 0.009612571393179259
0 0.32040983633895787 0.18206905016912478 0.016313026606604383 0.010721714246238427
0 0.24515942328268608 0.16302876452494278 0.015260573277146037 0.010351999961885365
0 0.12675842371862206 0.2122931929149866 0.013681893282958501 0.007579142829237498
0 0.14267678032667955 0.23752619282208223 0.010787646626948035 0.007024571402707949
0 0.2877837831257491 0.11468862184578159 0.012103213288770967 0.008688285682296666
0 0.028284683229193072 0.021166142779212072 0.016049913274239783 0.009797428535355802
0 0.09840438630435543 0.30815685600826653 0.013155666618229311 0.009242857108826214
0 0.14221275614305914 0.3172148559749163 0.011313873291677207 0.008133714255767118
0 0.11774321623315254 0.3200801416786524 0.011840099956406398 0.0064699999761784
0 0.04604483316380267 0.40419014136897113 0.01210321328877098 0.007948857113590578
0 0.008682739968031362 0.3481784272894841 0.012629439953500162 0.008688285682296595
