0 0.32543275632490015 0.25632490013315584 0.09262316910785615 0.10252996005326236
0 0.7059387483355528 0.42676431424766986 0.0776031957390147 0.07856191744340883
0 0.735352862849534 0.7663115845539282 0.07635153129161125 0.07057256990679094
0 0.7610119840213051 0.5512649800266312 0.045059920106524626 0.037283621837549956
0 0.8724101198402131 0.5725699067909455 0.060079893475366075 0.05592543275632494
0 0.800439414114514 0.6584553928095874 0.05882822902796278 0.06258322237017311
0 0.6333422103861518 0.5732356857523303 0.05006657789613854 0.054593874833555274
0 0.5350865512649801 0.5412782956058589 0.05632490013315589 0.06790945406125175
0 0.43557922769640484 0.5213049267643143 0.05256990679094543 0.051930758988015954
0 0.395525965379494 0.7869507323568575 0.05256990679094543 0.05592543275632508
0 0.24657789613848202 0.7476697736351532 0.04756324900133155 0.051930758988015954
0 0.26973368841544615 0.88948069241012 0.04130492676431427 0.0426098535286286
0 0.0863648468708389 0.9713715046604529 0.032543275632490036 0.0359520639147803
0 0.11577896138482024 0.9141145139813582 0.026284953395472696 0.03328894806924097
0 0.7284687083888151 0.852862849533955 0.03754993342210398 0.03328894806924112
0 0.7610119840213049 0.9101198402130494 0.0425565912117176 0.04926764314247663
0 0.7541278295605859 0.9753661784287617 0.03629826897470025 0.04926764314247663
0 0.42368841544607194 0.9720372836218377 0.041304926764314305 0.031957390146471455
0 0.02315579227696405 0.26830892143808266 0.0463115845539281 0.038615179760319585
0 0.16584553928095874 0.370838881491345 0.04631158455392809 0.03861517976031955
0 0.31980026631158454 0.08921438082556593 0.04130492676431423 0.06391478029294274
0 0.12391478029294277 0.1830892143808256 0.04505992010652465 0.05193075898801597
0 0.2115312916111851 0.2936085219707058 0.03003994673768311 0.0359520639147803
0 0.8905592543275634 0.2916111850865513 0.04130492676431416 0.04527296937416778
0 0.9594007989347537 0.3501997336884155 0.04881491344873495 0.05592543275632487
0 0.8267243675099869 0.3874833555259654 0.031291611185086624 0.034620505992010636
0 0.8048202396804262 0.43541944074567257 0.03754993342210383 0.05059920106524636
0 0.8955659121171772 0.4041278295605859 0.026284953395472713 0.02263648468708389
0 0.9550199733688416 0.5099866844207724 0.027536617842876296 0.037283621837549956
0 0.9906524633821572 0.5572569906790946 0.018695073235685696 0.04394141145139805
0 0.9856458055925432 0.6045272969374169 0.028708388814913378 0.03994673768308921
0 0.9537683089214382 0.9354194407456725 0.04756324900133166 0.06258322237017311
0 0.830479360852197 0.7909454061251665 0.05382157123834887 0.05592543275632494
0 0.9568974700399469 0.8022636484687085 0.04631158455392807 0.043941411451398266
0 0.6195739014647137 0.6677762982689748 0.017523302263648403 0.02796271637816247
0 0.40616511318242343 0.6324900133155793 0.028788282290279667 0.029294274300932132
0 0.09450066577896139 0.5246338215712385 0.028788282290279632 0.03994673768308921
0 0.5125565912117177 0.4267643142476698 0.026284953395472713 0.0359520639147803
0 0.6101864181091878 0.033288948069241014 0.021278295605858873 0.029294274300932094
0 0.77728362183755 0.16844207723035953 0.03003994673768318 0.051930758988016
0 0.7535019973368842 0.22237017310253 0.027536617842876154 0.02663115845539281
0 0.8505059920106526 0.23968042609853535 0.03629826897470025 0.03994673768308921
0 0.8066977363515315 0.026631158455392816 0.031291611185086624 0.031957390146471386
0 0.4487217043941412 0.07256990679094542 0.05131824234354198 0.033288948069241014
0 0.19964047936085222 0.111185086551265 0.028788282290279632 0.027962716378162434
0 0.2096537949400799 0.05992010652463384 0.03880159786950735 0.03462050599201064
0 0.17648468708388815 0.4953395472703063 0.032543275632489994 0.034620505992010706
0 0.4074167776298269 0.8368841544607192 0.031291611185086554 0.027962716378162326
0 0.3122902796271638 0.8149134487350201 0.026284953395472713 0.023968042609853482
0 0.31479360852197075 0.7363515312916112 0.033794940079893504 0.031957390146471455
0 0.13830892143808257 0.784953395472703 0.031291611185086554 0.0412782956058588
0 0.011890812250332889 0.8774966711051931 0.021278295605858855 0.034620505992010775
0 0.04255659121171771 0.9873501997336885 0.025033288948069242 0.025299600532623003
