0 0.7708089953271028 0.6277258566978193 0.02759929906542041 0.024922118380062273
0 0.9196480724299065 0.7110591900311526 0.04534170560747668 0.029595015576323932
0 0.8289646612149534 0.9073208722741433 0.025627920560747697 0.020249221183800757
0 0.7698233060747665 0.9057632398753894 0.025627920560747555 0.020249221183800615
0 0.12813960280373832 0.5700934579439252 0.02759929906542055 0.028037383177570093
0 0.1074401285046729 0.7733644859813085 0.017742406542056076 0.020249221183800615
0 0.21980870327102803 0.37850467289719625 0.03351343457943926 0.03426791277258573
0 0.5490289135514018 0.26479750778816197 0.03745619158878505 0.024922118380062308
0 0.6357695677570093 0.13862928348909656 0.025627920560747555 0.021806853582554506
0 0.42384637850467294 0.38940809968847356 0.019713785046728986 0.028037383177570093
0 0.32626314252336447 0.39408099688473525 0.02168516355140184 0.024922118380062343
0 0.4731308411214954 0.09813084112149532 0.03154205607476634 0.024922118380062308
0 0.8220648364485982 0.5459501557632399 0.03548481308411212 0.023364485981308362
0 0.9393618574766356 0.631619937694704 0.025627920560747697 0.02647975077881618
0 0.5973276869158879 0.3956386292834891 0.01971378504672906 0.012461059190031137
0 0.740252628504673 0.3878504672897196 0.03351343457943941 0.021806853582554523
0 0.6919538551401869 0.39330218068535827 0.011828271028037421 0.017133956386292865
0 0.3775189836448598 0.782710280373832 0.025627920560747627 0.014018691588785118
0 0.3775189836448598 0.6121495327102804 0.01774240654205613 0.021806853582554523
0 0.39526139018691586 0.5856697819314641 0.02168516355140184 0.012461059190031137
0 0.37061915887850466 0.5677570093457944 0.019713785046728986 0.014018691588785118
0 0.3371057242990655 0.5249221183800623 0.019713785046728917 0.015576323987538956
0 0.4553884345794391 0.7141744548286606 0.023656542056074936 0.017133956386292944
0 0.6130987149532711 0.5755451713395638 0.01971378504672906 0.017133956386292865
0 0.749123831775701 0.530373831775701 0.023656542056074842 0.014018691588785118
0 0.872334988317757 0.4236760124610592 0.021685163551401983 0.018691588785046703
0 0.7432096962616822 0.4330218068535825 0.019713785046728986 0.018691588785046703
0 0.9137339369158879 0.19470404984423673 0.01774240654205613 0.02180685358255449
0 0.8496641355140188 0.26479750778816197 0.019713785046728844 0.012461059190031137
0 0.7343384929906542 0.2679127725856698 0.025627920560747697 0.01869158878504674
0 0.7432096962616819 0.2009345794392524 0.019713785046728986 0.015576323987538932
0 0.5510002920560747 0.3161993769470405 0.01774240654205606 0.015576323987538956
0 0.555928738317757 0.40965732087227413 0.015771028037383204 0.015576323987538956
0 0.182352511682243 0.2219626168224299 0.013799649532710312 0.01713395638629283
0 0.1754526869158879 0.16978193146417447 0.01577102803738317 0.01869158878504674
0 0.3242917640186916 0.13239875389408098 0.013799649532710276 0.01869158878504672
0 0.3085207359813084 0.19470404984423673 0.01774240654205606 0.009345794392523352
0 0.4139894859813084 0.057632398753894074 0.015771028037383204 0.015576323987538937
0 0.1153256425233645 0.050623052959501556 0.02168516355140188 0.020249221183800622
0 0.9127482476635516 0.12227414330218067 0.019713785046728986 0.020249221183800615
0 0.9157053154205608 0.1440809968847352 0.01774240654205599 0.00778816199376946
0 0.5421290887850467 0.793613707165109 0.01577102803738313 0.014018691588784975
0 0.5263580607476634 0.7733644859813082 0.01971378504672906 0.017133956386292795
0 0.5391720210280374 0.6799065420560748 0.021685163551401914 0.017133956386292795
0 0.6140844042056075 0.7461059190031153 0.009856892523364422 0.00934579439252346
0 0.6830826518691588 0.8317757009345794 0.02168516355140184 0.018691588785046776
0 0.20798043224299065 0.8769470404984423 0.013799649532710241 0.015576323987538956
0 0.191223714953271 0.8707165109034267 0.01971378504672902 0.021806853582554454
0 0.20305198598130844 0.9447040498442368 0.02759929906542055 0.014018691588785118
0 0.20798043224299065 0.9758566978193147 0.02168516355140188 0.020249221183800757
0 0.13701080607476634 0.6433021806853582 0.02168516355140184 0.015576323987538885
0 0.17249561915887854 0.6690031152647975 0.02168516355140188 0.014018691588784975
0 0.4534170560747664 0.2881619937694704 0.015771028037383204 0.01557632398753892
0 0.5470575350467289 0.20249221183800623 0.013799649532710276 0.01557632398753892
0 0.29570677570093457 0.09501557632398754 0.02365654205607477 0.015576323987538937
0 0.2838785046728972 0.10669781931464174 0.03154205607476634 0.010903426791277262
