0 0.48003066588785054 0.7624610591900312 0.05322721962616825 0.03582554517133957
0 0.6337981892523364 0.9353582554517135 0.02957067757009341 0.03271028037383175
0 0.6889967873831776 0.18380062305295952 0.03351343457943926 0.034267912772585694
0 0.7747517523364487 0.22975077881619937 0.019713785046728844 0.014018691588785047
0 0.461302570093458 0.6619937694704049 0.027599299065420625 0.018691588785046634
0 0.40413259345794394 0.2585669781931464 0.02759929906542055 0.012461059190031137
0 0.044356016355140186 0.4649532710280374 0.02168516355140187 0.023364485981308362
0 0.32626314252336447 0.6954828660436138 0.02168516355140184 0.020249221183800757
0 0.5224153037383178 0.052180685358255444 0.01971378504672906 0.01713395638629284
0 0.8230505257009346 0.7764797507788163 0.025627920560747697 0.023364485981308435
0 0.048298773364485986 0.36137071651090336 0.017742406542056076 0.018691588785046703
0 0.8624780957943926 0.42601246105919005 0.0216851635514017 0.014018691588785047
0 0.3173919392523365 0.649532710280374 0.01971378504672902 0.018691588785046776
0 0.025627920560747666 0.6557632398753894 0.019713785046728972 0.015576323987538956
0 0.07786945093457945 0.7141744548286604 0.013799649532710285 0.010903426791277298
0 0.621969918224299 0.4984423676012461 0.025627920560747555 0.024922118380062273
0 0.6653402453271028 0.573208722741433 0.025627920560747697 0.009345794392523388
0 0.7501095210280374 0.6433021806853583 0.02168516355140184 0.018691588785046703
0 0.777708820093458 0.7048286604361371 0.01774240654205599 0.010903426791277156
0 0.27402161214953275 0.13862928348909656 0.01577102803738317 0.015576323987538937
0 0.8457213785046729 0.6596573208722741 0.03154205607476626 0.010903426791277298
0 0.12813960280373832 0.7071651090342678 0.019713785046728986 0.018691588785046776
0 0.674211448598131 0.3598130841121495 0.015771028037383273 0.015576323987538956
0 0.470173773364486 0.733644859813084 0.013799649532710276 0.009345794392523317
0 0.4061039719626169 0.4026479750778816 0.015771028037383204 0.020249221183800615
0 0.17840975467289721 0.15186915887850466 0.01774240654205606 0.010903426791277262
0 0.6712543808411214 0.027258566978193146 0.01774240654205613 0.010903426791277258
0 0.856563960280374 0.7795950155763239 0.01774240654205613 0.017133956386292795
0 0.9433046144859812 0.7819314641744549 0.013799649532710418 0.015576323987538956
0 0.31640625 0.7624610591900312 0.017742406542056024 0.010903426791277298
0 0.3804760514018692 0.7842679127725858 0.019713785046728986 0.010903426791277298
