0 0.3755841121495327 0.6791277258566979 0.026869158878504676 0.024922118380062416
0 0.2867990654205607 0.3738317757009345 0.026869158878504676 0.03738317757009348
0 0.4795560747663551 0.383177570093458 0.026869158878504676 0.03738317757009348
0 0.5 0.16510903426791276 0.03271028037383175 0.03738317757009348
0 0.7628504672897196 0.20872274143302177 0.03037383177570092 0.024922118380062308
0 0.6898364485981309 0.35280373831775697 0.01752336448598129 0.023364485981308435
0 0.858644859813084 0.09735202492211836 0.018691588785046776 0.029595015576323984
0 0.6197429906542057 0.8348909657320871 0.01752336448598122 0.03115264797507777
0 0.712032710280374 0.7819314641744548 0.01985981308411212 0.031152647975077913
0 0.48130841121495327 0.5856697819314641 0.023364485981308435 0.031152647975077913
0 0.1553738317757009 0.8146417445482865 0.016355140186915876 0.028037383177570093
0 0.29614485981308414 0.4135514018691589 0.019859813084112155 0.023364485981308362
0 0.21320093457943926 0.08566978193146417 0.022196261682242983 0.028037383177570093
0 0.8054906542056074 0.5498442367601245 0.022196261682242948 0.028037383177570093
0 0.5116822429906541 0.7897196261682242 0.014018691588785047 0.015576323987538956
0 0.14369158878504673 0.19937694704049844 0.014018691588785064 0.015576323987538956
