0 0.04066374213236697 0.7798546170148524 0.08132748426473393 0.10176530879605977
0 0.12981117680717147 0.7943925233644858 0.050047682624451625 0.03738317757009341
0 0.09618539004386802 0.6440809968847353 0.05161167270646577 0.05451713395638635
0 0.03362578676330345 0.5529595015576324 0.042227732214381086 0.04049844236760123
0 0.01563990082014114 0.607736236952547 0.03127980164028228 0.0804776818581459
0 0.43557123784093077 0.9813084112149534 0.07350753385466334 0.03738317757009341
0 0.8265687583444594 0.9828660436137071 0.032843791722296345 0.028037383177570093
0 0.905550257486172 0.6604361370716512 0.03440778180431053 0.03426791277258573
0 0.7053595269883651 0.7118380062305295 0.028151821476254314 0.03426791277258572
0 0.37926759488842265 0.6113707165109034 0.04535571237840927 0.04828660436137064
0 0.4144573717337402 0.5708722741433021 0.03440778180431053 0.023364485981308362
0 0.4230593171848179 0.4338006230529595 0.04535571237840927 0.04828660436137071
0 0.5294106427617776 0.22352024922118377 0.12668319664314326 0.11993769470404984
0 0.11495327102803739 0.13006230529595014 0.08289147434674804 0.06074766355140186
0 0.15561701316040433 0.16355140186915887 0.039099752050352855 0.03426791277258566
0 0.34094983787907684 0.1191588785046729 0.02502384131222584 0.029595015576323967
0 0.3331298874690063 0.03582554517133956 0.05317566278847988 0.04672897196261682
0 0.3808315849704368 0.1292834890965732 0.032843791722296345 0.03426791277258566
0 0.4089834064466909 0.15109034267912771 0.039099752050352876 0.02492211838006229
0 0.3745756246423803 0.1954828660436137 0.04535571237840927 0.03582554517133957
0 0.5051687964905589 0.08566978193146417 0.02815182147625407 0.024922118380062308
0 0.5520884989509822 0.1277258566978193 0.02189586114819754 0.03426791277258566
0 0.755407209612817 0.021806853582554516 0.08132748426473398 0.04361370716510903
0 0.6279420179286668 0.9003115264797508 0.020331871066183494 0.031152647975077913
0 0.7319473583826054 0.9096573208722741 0.037535761968338764 0.031152647975077913
0 0.23772649246614536 0.7344236760124611 0.01563990082014115 0.026479750778816254
0 0.20957467098989127 0.5498442367601245 0.02189586114819761 0.028037383177570093
0 0.3057600610337593 0.5241433021806854 0.020331871066183532 0.026479750778816254
0 0.29090215525462526 0.5295950155763239 0.03127980164028227 0.031152647975077913
0 0.9626358954796873 0.38161993769470404 0.029715811558268256 0.028037383177570093
0 0.9071142475681861 0.28738317757009346 0.04379172229639508 0.03582554517133957
0 0.9266641235933625 0.2577881619937694 0.032843791722296345 0.03271028037383175
0 0.7952889567041771 0.3847352024922118 0.023459851230211798 0.015576323987538956
0 0.8179668128933814 0.39485981308411205 0.028151821476254325 0.035825545171339644
0 0.8117108525653252 0.4345794392523365 0.0312798016402823 0.03426791277258566
0 0.020331871066183484 0.3374870157687464 0.04066374213236697 0.06438213122596625
