0 0.03268884506559204 0.2515576323987539 0.020363542827745867 0.03271028037383175
0 0.07341593072108378 0.4158878504672897 0.02465060447569237 0.03426791277258566
0 0.144152447912201 0.5856697819314641 0.020363542827745853 0.03738317757009348
0 0.16612363885792678 0.6230529595015576 0.015004715767812727 0.024922118380062273
0 0.18541541627368602 0.6869158878504672 0.017148246591785963 0.015576323987538814
0 0.2920560747663552 0.8115264797507789 0.024650604475692398 0.04049844236760123
0 0.31188373488810767 0.8052959501557632 0.019291777415759236 0.028037383177570093
0 0.33867787018777334 0.8621495327102804 0.017148246591785963 0.026479750778816112
0 0.4603232444482552 0.6845794392523366 0.026794135299665667 0.04205607476635521
0 0.5133756323415931 0.6915887850467288 0.01929177741575927 0.03738317757009341
0 0.5712509645888708 0.6456386292834891 0.023578839063705673 0.04517133956386296
0 0.5417774157592387 0.573208722741433 0.03322472777158538 0.056074766355140186
0 0.6012603961244963 0.5755451713395638 0.01929177741575927 0.03894080996884732
0 0.5932221555345966 0.5498442367601246 0.02465060447569236 0.043613707165109046
0 0.45442853468232874 0.3956386292834891 0.040727085655491775 0.06230529595015575
0 0.4683614850381549 0.2133956386292835 0.023578839063705743 0.05919003115264797
0 0.4383520535025294 0.22975077881619937 0.04930120895138472 0.07320872274143302
0 0.37458201148932524 0.1339563862928349 0.031081196947612143 0.02492211838006229
0 0.3279602160679071 0.15887850467289721 0.025722369887679015 0.04984423676012464
0 0.2325730944010975 0.2975077881619937 0.03215296235959876 0.046728971962616835
0 0.27544371088056246 0.25778816199376947 0.03429649318357196 0.0420560747663551
0 0.27330018005658924 0.37616822429906543 0.036440024007545195 0.026479750778816254
0 0.29580725370830835 0.3831775700934579 0.032152962359598726 0.04049844236760123
0 0.31456314841807426 0.4042056074766354 0.024650604475692325 0.04205607476635514
0 0.33224727771585355 0.4221183800623053 0.027865900711652215 0.04672897196261687
0 0.3590414130155192 0.4135514018691589 0.023578839063705743 0.03894080996884732
0 0.39387378890508445 0.40420560747663553 0.013932950355826179 0.03894080996884739
0 0.41691674526279693 0.4423676012461059 0.015004715767812798 0.043613707165109046
0 0.4072708565549172 0.5319314641744548 0.021435308239732435 0.04828660436137078
0 0.3011660807682414 0.4976635514018692 0.019291777415759236 0.020249221183800542
0 0.3268884506559205 0.6588785046728972 0.01286118494383949 0.028037383177570093
0 0.48390208351196096 0.5334890965732086 0.01822001200377258 0.029595015576323932
0 0.5085526879876532 0.5093457943925234 0.020363542827745888 0.03115264797507784
0 0.43942381891451604 0.5685358255451713 0.02572236988767905 0.03426791277258566
0 0.43192146103060963 0.6238317757009346 0.01929177741575927 0.03894080996884739
0 0.7421975478007374 0.32943925233644855 0.022507073651719195 0.03582554517133953
0 0.6146574637743291 0.4096573208722741 0.020363542827745888 0.03426791277258566
0 0.5964374517705565 0.45638629283489096 0.022507073651719126 0.03426791277258566
0 0.6377004201320414 0.4057632398753894 0.0192917774157592 0.02647975077881618
0 0.5337391751693389 0.29049844236760125 0.01714824659178589 0.038940809968847356
0 0.5535668352910915 0.19859813084112146 0.026794135299665667 0.04828660436137074
0 0.540705650347252 0.13317757009345793 0.026794135299665525 0.029595015576323967
0 0.5042656263397067 0.19704049844236757 0.022507073651719126 0.032710280373831786
0 0.40780673926091054 0.042834890965732085 0.028937666123638836 0.051401869158878497
0 0.9399382663122696 0.08411214953271028 0.040727085655491775 0.05919003115264797
0 0.8761682242990654 0.559190031152648 0.028937666123638763 0.04049844236760123
0 0.8970676498328046 0.5109034267912773 0.01929177741575927 0.04361370716510898
0 0.9549429820800824 0.44314641744548283 0.03215296235959883 0.03271028037383182
0 0.6071551058904227 0.7710280373831776 0.022507073651719126 0.03738317757009355
0 0.6982551659092857 0.6370716510903427 0.04394238189145156 0.05295950155763243
0 0.5439209465832119 0.8052959501557632 0.033224727771585305 0.05295950155763236
0 0.7025422275572324 0.7328660436137072 0.02036354282774596 0.03582554517133957
0 0.7748863928663292 0.7990654205607476 0.017148246591786032 0.03426791277258573
0 0.8413358484095003 0.7834890965732088 0.0235788390637056 0.03738317757009355
0 0.974770642201835 0.8598130841121496 0.022507073651719053 0.03426791277258573
0 0.9854882963217011 0.7788161993769471 0.020363542827745818 0.03426791277258559
0 0.9485123896081626 0.6066978193146417 0.019291777415759128 0.029595015576324074
0 0.5803609705907572 0.08021806853582554 0.026794135299665598 0.042056074766355145
0 0.3751178941953185 0.24532710280373826 0.01929177741575927 0.03582554517133953
0 0.3874431964331647 0.21495327102803738 0.016076481179799346 0.03738317757009348
0 0.43406499185458286 0.1674454828660436 0.015004715767812798 0.023364485981308417
0 0.5026579782217269 0.16666666666666669 0.015004715767812727 0.0311526479750779
0 0.490868558689874 0.1409657320872274 0.017148246591785963 0.023364485981308417
0 0.02893766612363886 0.9758566978193147 0.023578839063705736 0.023364485981308435
0 0.05305238789333791 0.986760124610592 0.018220012003772615 0.026479750778816112
0 0.016076481179799366 0.838006230529595 0.01929177741575924 0.024922118380062273
0 0.17469776215381977 0.8006230529595015 0.019291777415759236 0.03426791277258559
0 0.07180828260310383 0.49610591900311524 0.019291777415759225 0.020249221183800615
0 0.13557832461630798 0.49221183800623053 0.022507073651719108 0.028037383177570093
0 0.14308068250021436 0.5404984423676013 0.016076481179799363 0.031152647975077916
0 0.1757695275658064 0.47118380062305293 0.02143530823973251 0.020249221183800684
0 0.2106019034553717 0.16355140186915887 0.022507073651719126 0.031152647975077895
0 0.22292720569321786 0.1853582554517134 0.017148246591785998 0.021806853582554523
0 0.23203721169510416 0.21651090342679125 0.018220012003772615 0.028037383177570093
0 0.187023064391666 0.21495327102803735 0.020363542827745853 0.031152647975077875
0 0.11789419531852868 0.16433021806853582 0.021435308239732487 0.029595015576324
0 0.18273600274371943 0.27102803738317754 0.020363542827745853 0.021806853582554523
0 0.1575495155620338 0.3473520249221183 0.015004715767812744 0.028037383177570093
0 0.16933893509388667 0.5521806853582555 0.008574123295892981 0.014018691588785118
0 0.2057789591014319 0.5179127725856698 0.012861184943839525 0.023364485981308362
0 0.5519591871731115 0.7281931464174454 0.01929177741575927 0.017133956386292795
0 0.4705050158621281 0.733644859813084 0.01929177741575927 0.021806853582554596
0 0.5085526879876533 0.6510903426791278 0.016076481179799346 0.021806853582554596
0 0.5171268112835463 0.40109034267912774 0.018220012003772653 0.03271028037383182
0 0.523557403755466 0.31931464174454827 0.013932950355826108 0.028037383177570055
0 0.4833662008059676 0.2858255451713395 0.0192917774157592 0.023364485981308435
0 0.4678256023321616 0.33255451713395634 0.016076481179799415 0.029595015576323967
0 0.4404955843265026 0.29750778816199375 0.0192917774157592 0.015576323987538956
0 0.8659864528851925 0.09501557632398754 0.01714824659178589 0.024922118380062308
0 0.23578839063705737 0.017133956386292833 0.010717654119866254 0.01557632398753894
0 0.8413358484095003 0.41900311526479755 0.0235788390637056 0.024922118380062343
0 0.8686658664151591 0.36137071651090336 0.01822001200377258 0.03115264797507784
0 0.6891451599073994 0.4423676012461059 0.02143530823973251 0.018691588785046776
0 0.2679413529966561 0.1425233644859813 0.025722369887678943 0.020249221183800632
0 0.5744662608248307 0.9517133956386291 0.02143530823973251 0.028037383177570093
0 0.5835762668267169 0.8878504672897196 0.016076481179799415 0.021806853582554454
0 0.6034039269484696 0.8738317757009346 0.00643059247191971 0.021806853582554454
0 0.6012603961244963 0.9236760124610592 0.010717654119866254 0.028037383177570093
0 0.7164751779130585 0.9626168224299064 0.01822001200377258 0.018691588785046776
0 0.008574123295892995 0.6728971962616822 0.012861184943839492 0.024922118380062273
0 0.1404012689702478 0.6448598130841121 0.015004715767812761 0.024922118380062273
0 0.12325302237846181 0.6526479750778816 0.019291777415759218 0.021806853582554596
0 0.08788476378290319 0.6510903426791278 0.01714824659178598 0.024922118380062343
0 0.07931064048701021 0.6059190031152648 0.017148246591786008 0.024922118380062273
0 0.09270770813684301 0.5537383177570093 0.020363542827745853 0.029595015576324
0 0.5123038669296065 0.911214953271028 0.017148246591785963 0.021806853582554454
0 0.8488382062934066 0.2897196261682243 0.01929177741575927 0.031152647975077913
0 0.8150775958158278 0.31152647975077874 0.026794135299665525 0.028037383177570055
0 0.7866758123981822 0.35280373831775697 0.017148246591786032 0.023364485981308435
0 0.1446883306181943 0.03426791277258567 0.015004715767812727 0.024922118380062305
0 0.9447612106662094 0.8348909657320871 0.022507073651719195 0.024922118380062416
0 0.8825988167709852 0.7881619937694705 0.013932950355826108 0.021806853582554454
0 0.9415459144302496 0.006230529595015577 0.009645888707879635 0.012461059190031154
0 0.8783117551230387 0.007788161993769471 0.028937666123638905 0.015576323987538943
0 0.575002143530824 0.602803738317757 0.022507073651719126 0.028037383177570093
0 0.39226614078710453 0.7788161993769471 0.027865900711652215 0.04672897196261687
0 0.2556160507588099 0.5334890965732086 0.011789419531852908 0.026479750778816254
0 0.7539869673325902 0.5077881619937695 0.018220012003772722 0.021806853582554523
