0 0.1651090342679128 0.32866043613707163 0.08515057113187957 0.059190031152648
0 0.3977154724818277 0.8566978193146417 0.08930425752855661 0.06853582554517146
0 0.9724818276220145 0.7570093457943926 0.055036344755970815 0.046728971962616724
0 0.853582554517134 0.82398753894081 0.04984423676012455 0.04049844236760123
0 0.7954309449636554 0.6830218068535825 0.02907580477673932 0.023364485981308292
0 0.5784008307372794 0.5957943925233645 0.03115264797507784 0.026479750778816254
0 0.5472481827622016 0.5202492211838006 0.043613707165109046 0.024922118380062343
0 0.5399792315680166 0.4672897196261683 0.024922118380062343 0.018691588785046703
0 0.02699896157840083 0.5031152647975078 0.029075804776739354 0.024922118380062343
0 0.18899273104880585 0.48520249221183803 0.020768431983385263 0.017133956386292865
0 0.24818276220145385 0.4719626168224299 0.022845275181723787 0.028037383177570093
0 0.21910695742471448 0.6035825545171339 0.031152647975077875 0.023364485981308504
0 0.22741433021806856 0.5490654205607477 0.035306334371754955 0.023364485981308362
0 0.11838006230529598 0.6191588785046729 0.029075804776739354 0.03271028037383168
0 0.018691588785046728 0.8717549285413321 0.037383177570093455 0.03322948325088797
0 0.3094496365524403 0.793613707165109 0.04153686396677056 0.032710280373831606
0 0.1703011422637591 0.09735202492211839 0.04153686396677049 0.03894080996884736
0 0.3073727933541018 0.0381619937694704 0.033229491173416364 0.020249221183800622
0 0.3811007268951194 0.021806853582554516 0.047767393561786095 0.031152647975077875
0 0.4091381100726895 0.01012461059190031 0.0456905503634475 0.02024922118380062
0 0.41848390446521294 0.08878504672897196 0.031152647975077913 0.021806853582554516
0 0.3894080996884736 0.15887850467289721 0.03115264797507784 0.02180685358255454
0 0.8328141225337489 0.06230529595015575 0.016614745586708182 0.024922118380062298
0 0.7393561786085152 0.17679127725856694 0.0332294911734165 0.0233644859813084
0 0.990134994807892 0.3855140186915888 0.01973001038421586 0.04517133956386296
0 0.948078920041537 0.45716510903426794 0.026998961578400867 0.023364485981308362
0 0.6168224299065421 0.7289719626168224 0.020768431983385155 0.018691588785046634
0 0.9356178608515058 0.7180685358255451 0.031152647975077913 0.021806853582554454
0 0.3374870197300105 0.3862928348909657 0.03115264797507784 0.021806853582554454
0 0.181723779854621 0.4330218068535825 0.022845275181723787 0.024922118380062343
0 0.26583592938733136 0.02258566978193146 0.024922118380062308 0.020249221183800622
0 0.43302180685358266 0.6573208722741433 0.02284527518172375 0.0249221183800627
0 0.805815160955348 0.4439252336448598 0.033229491173416364 0.015576323987538956
0 0.7061266874350985 0.3450155763239875 0.02907580477673932 0.023364485981308435
0 0.2980269989615784 0.31386292834890966 0.01869158878504674 0.02024922118380065
