0 0.6108071135430917 0.6655266757865936 0.05608755129958965 0.06703146374828997
0 0.6621067031463749 0.8686730506155951 0.06292749658002741 0.06566347469220248
0 0.46374829001367984 0.8645690834473325 0.06019151846785228 0.05471956224350208
0 0.6238030095759234 0.9760601915184679 0.04103967168262642 0.04787961696306425
0 0.7339261285909714 0.9487004103967169 0.03146374829001374 0.028727770177838608
0 0.12859097127222982 0.9589603283173734 0.07387140902872778 0.07660738714090286
0 0.9623803009575923 0.5430916552667578 0.036935704514363864 0.0355677154582763
0 0.8242134062927496 0.5896032831737346 0.028727770177838466 0.03009575923392603
0 0.5266757865937072 0.17852257181942544 0.04651162790697676 0.0533515731874145
0 0.6839945280437757 0.041039671682626545 0.04924760601915196 0.05198358413132695
0 0.45827633378932975 0.09097127222982217 0.021887824897400848 0.028727770177838573
0 0.5027359781121751 0.1354309165526676 0.028727770177838608 0.02735978112175104
0 0.33036935704514364 0.17715458276333793 0.028727770177838573 0.03146374829001371
0 0.11491108071135431 0.28932968536251713 0.03283173734610124 0.036935704514363864
0 0.08071135430916553 0.1210670314637483 0.03830369357045143 0.0478796169630643
0 0.029411764705882356 0.2428180574555404 0.025991792065663474 0.0341997264021888
0 0.1730506155950752 0.4842681258549932 0.02325581395348838 0.021887824897400848
0 0.016415868673050615 0.5253077975376197 0.024623803009575923 0.02462380300957605
0 0.1183310533515732 0.6203830369357045 0.039671682626539015 0.042407660738713986
0 0.9247606019151847 0.7222982216142271 0.021887824897400775 0.0273597811217509
0 0.944596443228454 0.5937072503419973 0.02051983584131321 0.02735978112175104
0 0.8543091655266758 0.6169630642954856 0.023255813953488483 0.02462380300957605
0 0.8549931600547196 0.7421340629274965 0.01641586867305051 0.025991792065663474
0 0.8522571819425444 0.9753761969904241 0.021887824897400775 0.021887824897400775
0 0.48221614227086185 0.5807113543091655 0.028727770177838608 0.03419972640218873
0 0.8837209302325582 0.43365253077975374 0.021887824897400775 0.02735978112175104
0 0.841313269493844 0.01094391244870041 0.019151846785225787 0.02188782489740082
0 0.7523939808481532 0.21614227086183313 0.016415868673050654 0.019151846785225714
0 0.26265389876880985 0.3645690834473324 0.021887824897400848 0.023255813953488344
0 0.2653898768809849 0.3898768809849521 0.01641586867305062 0.019151846785225645
0 0.3112175102599179 0.23187414500683992 0.02599179206566344 0.02325581395348838
0 0.3440492476060191 0.1969904240766074 0.01778385772913822 0.01641586867305062
0 0.2777017783857729 0.028727770177838577 0.02188782489740081 0.02188782489740082
0 0.253077975376197 0.016415868673050612 0.024623803009575944 0.030095759233926125
0 0.08344733242134061 0.06771545827633378 0.01641586867305061 0.01504787961696306
0 0.7229822161422709 0.5191518467852257 0.023255813953488483 0.02051983584131328
0 0.3734610123119015 0.8789329685362517 0.01641586867305058 0.02051983584131321
0 0.14911080711354308 0.8953488372093023 0.01367989056087552 0.017783857729138076
0 0.1518467852257182 0.36388508891928867 0.02188782489740081 0.019151846785225645
0 0.5930232558139535 0.19220246238030098 0.020519835841313352 0.023255813953488413
0 0.9911080711354309 0.4274965800273598 0.01778385772913822 0.025991792065663474
0 0.9596443228454171 0.08755129958960328 0.025991792065663474 0.024623803009575916
0 0.987688098495212 0.005471956224350205 0.02462380300957591 0.01094391244870041
