0 0.02721543659043659 0.5161122661122661 0.03782484407484407 0.04261954261954259
0 0.22464267151767153 0.6642411642411642 0.032289501039501046 0.029106029106029184
0 0.12823544698544698 0.4911642411642411 0.01660602910602911 0.021829521829521782
0 0.0571985446985447 0.37474012474012475 0.016606029106029103 0.015592515592515638
0 0.606581340956341 0.4511434511434511 0.02490904365904363 0.027027027027027018
0 0.5129417879417879 0.5197505197505197 0.0221413721413721 0.027027027027027018
0 0.48203612266112267 0.47193347193347196 0.021218814968814996 0.016632016632016616
0 0.43683082120582123 0.5426195426195426 0.019373700623700644 0.022869022869022898
0 0.4423661642411642 0.5634095634095635 0.021218814968814996 0.020790020790020805
0 0.4285278066528066 0.6159043659043659 0.015683471933471936 0.015592515592515567
0 0.21034303534303533 0.8165280665280664 0.02214137214137214 0.02598752598752597
0 0.066885395010395 0.8165280665280664 0.013838357588357582 0.019750519750519543
0 0.13515462577962578 0.6928274428274429 0.013838357588357582 0.017671517671517593
0 0.6919178794178794 0.9339916839916839 0.011070686070686122 0.015592515592515638
0 0.8842710498960499 0.3778586278586279 0.019373700623700644 0.015592515592515567
0 0.9613045738045737 0.3518711018711019 0.012915800415800333 0.015592515592515638
0 0.8755067567567568 0.5239085239085239 0.011070686070686122 0.016632016632016616
0 0.8787357068607068 0.5571725571725571 0.015683471933471936 0.01871101871101878
0 0.8233822765072765 0.6226611226611226 0.013838357588357724 0.016632016632016616
0 0.874122920997921 0.6876299376299376 0.013838357588357582 0.021829521829521924
0 0.9211733367983368 0.871101871101871 0.010148128898128874 0.016632016632016616
0 0.8547492203742203 0.7941787941787942 0.011993243243243228 0.01871101871101871
0 0.5295478170478171 0.1704781704781705 0.020296257796257818 0.027027027027027018
0 0.5484692484326272 0.004158004158004157 0.02492706235382016 0.008316008316008315
0 0.37501949064449064 0.13825363825363826 0.011993243243243228 0.016632016632016633
0 0.3431912681912682 0.19126819126819128 0.007380457380457344 0.014553014553014556
0 0.09363955301455301 0.1704781704781705 0.013838357588357582 0.016632016632016616
0 0.20065618503118504 0.20893970893970895 0.015683471933471936 0.01871101871101871
0 0.20619152806652807 0.46205821205821207 0.008303014553014555 0.013513513513513473
0 0.2509355509355509 0.45945945945945943 0.014760914760914758 0.01871101871101871
0 0.9147154365904364 0.9714137214137214 0.011993243243243228 0.013513513513513544
0 0.8367593555093555 0.3238045738045738 0.012915800415800333 0.017671517671517697
0 0.75372920997921 0.3108108108108108 0.016606029106029183 0.014553014553014556
0 0.5812110187110187 0.30093555093555097 0.007380457380457344 0.025987525987526006
0 0.652247920997921 0.1626819126819127 0.007380457380457415 0.01767151767151768
0 0.6536317567567568 0.0971933471933472 0.013838357588357582 0.015592515592515604
0 0.7731029106029106 0.06912681912681913 0.009225571725571768 0.017671517671517672
0 0.8275337837837838 0.14708939708939708 0.01107068607068598 0.013513513513513509
0 0.33627208939708936 0.8825363825363826 0.010148128898128946 0.016632016632016616
0 0.3505717255717255 0.6112266112266113 0.009225571725571697 0.010395010395010474
0 0.2283329002079002 0.7156964656964656 0.011993243243243228 0.013513513513513544
0 0.29429573804573805 0.7333679833679833 0.009225571725571768 0.015592515592515638
0 0.09410083160083162 0.7151767151767152 0.0055353430353430435 0.01455301455301452
0 0.43037292099792096 0.16839916839916838 0.011993243243243228 0.01247401247401246
0 0.5110966735966735 0.1652806652806653 0.009225571725571697 0.01247401247401248
0 0.4276052494802494 0.19334719334719336 0.010148128898128874 0.008316008316008308
0 0.41146049896049897 0.2551975051975052 0.009225571725571768 0.011434511434511378
0 0.32704651767151766 0.9760914760914762 0.017528586278586254 0.01455301455301452
0 0.3321205821205821 0.9942827442827443 0.011070686070686122 0.007276507276507403
0 0.7966281185031184 0.9786902286902287 0.00830301455301452 0.019750519750519686
0 0.5982783264033263 0.9828482328482329 0.013838357588357653 0.011434511434511307
0 0.645799030137409 0.9922037422037423 0.012933819110577076 0.015592515592515638
0 0.2947570166320166 0.19074844074844072 0.010148128898128946 0.013513513513513509
0 0.22372011434511435 0.2551975051975052 0.006457900207900202 0.011434511434511378
0 0.11531964656964658 0.30405405405405406 0.007380457380457379 0.00935550935550932
0 0.1512993762993763 0.29937629937629934 0.007380457380457397 0.010395010395010403
0 0.23663591476091475 0.3970893970893971 0.006457900207900202 0.010395010395010403
0 0.31090176715176715 0.3861746361746362 0.014760914760914795 0.00727650727650726
0 0.2417099792099792 0.5540540540540541 0.007380457380457379 0.010395010395010331
0 0.3095179313929314 0.5691268191268191 0.00830301455301452 0.009355509355509497
0 0.33165930353430345 0.5706860706860707 0.010148128898128874 0.014553014553014592
0 0.2693866943866944 0.6351351351351352 0.01291580041580044 0.012474012474012568
0 0.2712318087318087 0.6980249480249481 0.009225571725571768 0.019750519750519828
