0 0.6623845759233924 0.42818057455540354 0.12284826721386218 0.09302325581395351
0 0.4880728454172366 0.21409028727770177 0.0431629046967624 0.039671682626538994
0 0.45902089033287724 0.04035567715458276 0.09130614455084363 0.07523939808481532
0 0.967845132238942 0.32010943912448697 0.046483128134974835 0.04103967168262649
0 0.8117946306429548 0.5889192886456908 0.046483128134974835 0.03419972640218887
0 0.470641672366621 0.5902872777017784 0.038182569539443705 0.028727770177838535
0 0.32123161764705876 0.7612859097127221 0.041502792977656175 0.045143638850889116
0 0.22328502621979024 0.8632010943912448 0.06142413360693112 0.04651162790697683
0 0.26976815435476514 0.8002735978112174 0.03154212266301869 0.02735978112175104
0 0.15688055745554036 0.7592339261285909 0.03154212266301871 0.02462380300957605
0 0.08217553009575923 0.7428180574555404 0.0348623461012312 0.03283173734610131
0 0.13280893752849976 0.341313269493844 0.029882010943912452 0.0341997264021888
0 0.11537776447788417 0.49110807113543087 0.03154212266301869 0.019151846785225714
0 0.45985094619243044 0.40492476060191523 0.023241564067487487 0.024623803009575836
0 0.942113400592795 0.521203830369357 0.024901675786593528 0.02735978112175097
0 0.9197018923848609 0.9781121751025992 0.08300558595531243 0.043775649794801696
0 0.7943634575923392 0.9493844049247606 0.0348623461012312 0.030095759233926173
0 0.6242020063839488 0.7161422708618332 0.019921340629274836 0.023255813953488344
0 0.7570109439124486 0.7318741450068399 0.02656178750570007 0.021887824897400775
0 0.9595445736434107 0.6409028727770177 0.023241564067487418 0.023255813953488344
0 0.8898198814409483 0.8125854993160054 0.0166011171910624 0.030095759233926173
0 0.7155081509347925 0.8768809849521204 0.01992134062927505 0.019151846785225787
0 0.1162078203374373 0.9384404924760602 0.03320223438212494 0.02735978112175104
0 0.9031007751937983 0.11491108071135431 0.026561787505699926 0.019151846785225714
0 0.5503270348837208 0.016415868673050615 0.03154212266301869 0.024623803009575923
0 0.4133678180574554 0.21751025991792067 0.029882010943912362 0.02462380300957591
0 0.6374829001367989 0.27496580027359785 0.03320223438212494 0.030095759233926104
0 0.9031007751937983 0.3878248974008208 0.026561787505699926 0.025991792065663405
0 0.8159449099407203 0.5191518467852256 0.03154212266301883 0.031463748290013666
0 0.429968935248518 0.8358413132694938 0.01660111719106247 0.021887824897400775
0 0.2764086012311901 0.06087551299589603 0.0215814523483812 0.028727770177838573
0 0.6598944083447331 0.8098495212038305 0.02158145234838116 0.021887824897400918
