0 0.9049908800729596 0.3166894664842681 0.09123119015047877 0.10807113543091657
0 0.8903488372093024 0.6730506155950752 0.05744186046511629 0.0711354309165528
0 0.9679822161422709 0.56703146374829 0.06403556771545822 0.11901504787961692
0 0.7253442772457821 0.6073871409028728 0.0855996352029183 0.12038303693570455
0 0.9196329229366165 0.9008207934336525 0.09123119015047877 0.11080711354309158
0 0.6459393524851802 0.8337893296853625 0.05293661650706788 0.0725034199726403
0 0.7264705882352942 0.46853625170998625 0.04730506155950749 0.05882352941176471
0 0.9399065207478341 0.21545827633378933 0.03716826265389884 0.04787961696306432
0 0.8103807569539444 0.11969904240766073 0.07546283629730965 0.08618331053351573
0 0.926390788873689 0.032147742818057455 0.08897856817145466 0.06429548563611491
0 0.7461810305517557 0.9528043775649795 0.0349156406748746 0.050615595075239384
0 0.14416780665754675 0.8891928864569084 0.03829457364341085 0.04924760601915196
0 0.11488372093023257 0.047879616963064295 0.05631554947560421 0.07934336525307797
0 0.5242977656178751 0.30506155950752395 0.03716826265389884 0.04924760601915185
0 0.5265503875968992 0.06155950752393981 0.03942088463292293 0.046511627906976744
0 0.2894619243046056 0.9719562243502051 0.027031463748290036 0.03419972640218887
0 0.362108983128135 0.19493844049247605 0.0416735066119471 0.04787961696306425
0 0.6014500683994528 0.3166894664842681 0.031536707706338304 0.039671682626538994
0 0.6228499772001824 0.5690834473324213 0.029284085727314207 0.03283173734610116
0 0.6256657546739626 0.6716826265389877 0.043926128590971204 0.05198358413132695
0 0.8222070223438211 0.7175102599179206 0.029284085727314134 0.036935704514363864
0 0.3232512539899681 0.7421340629274965 0.036041951664386715 0.039671682626538994
0 0.5130346557227543 0.43228454172366626 0.03942088463292286 0.05198358413132702
0 0.6279183766529868 0.025991792065663474 0.05969448244414039 0.05198358413132695
0 0.7996808025535797 0.04856361149110807 0.029284085727314134 0.03419972640218878
0 0.006757865937072505 0.7243502051983584 0.01351573187414501 0.05608755129958965
0 0.42349293205654354 0.030779753761969904 0.036041951664386715 0.028727770177838573
0 0.8655699954400364 0.5554035567715458 0.030410396716826257 0.03283173734610124
0 0.3992772457820337 0.5512995896032832 0.03942088463292293 0.04924760601915182
0 0.3964614683082536 0.9357045143638851 0.036041951664386646 0.04103967168262656
0 0.2385358255451714 0.38707165109034297 0.38473520249221205 0.48753894080996946
