0 0.18326005025125625 0.6758793969849246 0.02355527638190953 0.03182579564489117
0 0.24073492462311555 0.899497487437186 0.019786432160803998 0.050251256281407135
0 0.2949120603015075 0.9128978224455612 0.02449748743718594 0.050251256281406996
0 0.42493718592964824 0.7261306532663317 0.02449748743718594 0.038525963149078704
0 0.6454145728643215 0.8551088777219431 0.028266331658291507 0.03182579564489117
0 0.5639133165829144 0.9405360134003351 0.02920854271356788 0.028475711892797337
0 0.4951319095477386 0.8819095477386935 0.025439698492462314 0.03517587939698501
0 0.6020728643216079 0.43383584589614743 0.022613065326633118 0.04355108877721939
0 0.6571922110552763 0.35678391959798994 0.01601758793969864 0.036850921273031786
0 0.33071608040201 0.2830820770519263 0.016959798994974875 0.02680067001675038
0 0.362751256281407 0.22445561139028478 0.016959798994974948 0.02010050251256281
0 0.4725188442211055 0.06448911222780569 0.01790201005025132 0.025125628140703515
0 0.6213881909547738 0.04522613065326633 0.025439698492462314 0.016750418760469014
0 0.8998115577889445 0.44137353433835846 0.02072864321608037 0.041876046901172546
0 0.7212625628140702 0.466499162479062 0.02732412060301513 0.03517587939698501
0 0.5026695979899497 0.3986599664991624 0.021670854271356815 0.03350083752093802
0 0.2025753768844221 0.35845896147403683 0.016959798994974875 0.04020100502512562
0 0.13049623115577888 0.5979899497487436 0.014133165829145717 0.036850921273031786
0 0.35521356783919594 0.5485762144053602 0.016959798994974875 0.028475711892797337
0 0.4437814070351758 0.466499162479062 0.015075376884422127 0.025125628140703498
0 0.4489635678391959 0.5117252931323283 0.02920854271356781 0.028475711892797337
0 0.37311557788944716 0.6482412060301508 0.016959798994974875 0.030150753768844255
0 0.5804020100502512 0.2680067001675042 0.015075376884422056 0.026800670016750416
0 0.6430590452261304 0.7512562814070353 0.01978643216080414 0.038525963149078704
0 0.6213881909547737 0.8450586264656615 0.019786432160803998 0.038525963149078704
0 0.8027638190954772 0.49162479061976555 0.015075376884422127 0.028475711892797337
0 0.41645728643216073 0.42881072026800665 0.018844221105527623 0.02680067001675049
0 0.41645728643216073 0.3358458961474037 0.02072864321608037 0.0318257956448911
0 0.7542399497487436 0.7102177554438862 0.014133165829145753 0.026800670016750558
0 0.8263190954773867 0.6080402010050251 0.015075376884422127 0.02010050251256281
