0 0.31412995104583885 0.8341121495327104 0.0708563799351516 0.05451713395638635
0 0.2881492784029499 0.8652647975077882 0.047237586623434386 0.045171339563862885
0 0.5566162290461356 0.7725856697819314 0.06140886261046475 0.04361370716510891
0 0.577873143026681 0.9493769470404985 0.037790069298747536 0.038940809968847245
0 0.6085775743319135 0.2390965732087227 0.03936465551952878 0.04517133956386292
0 0.5511051772734015 0.3341121495327103 0.044088414181872156 0.05451713395638627
0 0.5715747981435564 0.43613707165109034 0.05353593150655904 0.062305295950155826
0 0.4975692457668426 0.36760124610591904 0.031491724415622854 0.024922118380062343
0 0.22122936401975118 0.22274143302180685 0.0330663106364041 0.028037383177570093
0 0.21099455358467373 0.29439252336448596 0.031491724415622924 0.03738317757009344
0 0.5975554707864454 0.15342679127725856 0.029917138194841895 0.04205607476635514
0 0.6534532816241762 0.06697819314641745 0.04408841418187208 0.04049844236760124
0 0.7636743170788565 0.22819314641744548 0.03464089685718534 0.038940809968847356
0 0.7573759721957319 0.30607476635514014 0.028342551974060656 0.04205607476635514
0 0.8959395596244728 0.10124610591900311 0.037790069298747536 0.04361370716510904
0 0.8416163350075232 0.5996884735202491 0.03621548307796644 0.05295950155763236
0 0.6424311780787082 0.6557632398753894 0.028342551974060513 0.03426791277258566
0 0.7376936444359674 0.6222741433021807 0.048812172844215525 0.05140186915887846
0 0.465290228240829 0.7126168224299065 0.029917138194841826 0.04205607476635521
0 0.15273486341577128 0.8855140186915889 0.03464089685718523 0.04205607476635521
0 0.14486193231186556 0.9602803738317758 0.03464089685718523 0.03894080996884739
0 0.025980672642888933 0.8652647975077882 0.0330663106364041 0.03582554517133957
0 0.1251796045521012 0.2866043613707165 0.026767965753279485 0.031152647975077913
0 0.15037298408459956 0.4976635514018692 0.029917138194841826 0.029595015576324
0 0.7849312310594019 0.8520249221183801 0.04566300040265332 0.04049844236760123
0 0.7731218344035433 0.9501557632398755 0.04093924174030974 0.043613707165109046
0 0.8164229554750249 0.9283489096573209 0.026767965753279555 0.031152647975077913
0 0.6676245576112063 0.8333333333333335 0.022044207090936112 0.028037383177570093
0 0.6833704198190179 0.5031152647975078 0.04408841418187194 0.046728971962616724
0 0.5518924703837922 0.1059190031152648 0.026767965753279412 0.024922118380062308
0 0.9455390255790789 0.8247663551401868 0.04251382796109098 0.029595015576324074
0 0.9447517324686885 0.9080996884735203 0.031491724415623 0.03426791277258559
0 0.07006908682476105 0.1658878504672897 0.042513827961090975 0.04205607476635516
0 0.8833428698582236 0.4190031152647975 0.022044207090936112 0.028037383177570093
0 0.5093786424227011 0.5755451713395638 0.04566300040265325 0.045171339563862815
0 0.21886748468857944 0.6129283489096573 0.02834255197406069 0.035825545171339644
0 0.3330249856952126 0.3130841121495327 0.03621548307796637 0.03738317757009348
0 0.16848072562358277 0.048286604361370715 0.03464089685718525 0.021806853582554523
0 0.4149034691758323 0.012461059190031149 0.023618793311717214 0.018691588785046728
0 0.2968095026172463 0.028816199376947037 0.014171275987030328 0.010903426791277253
0 0.8668097145400216 0.14174454828660435 0.01732044842859267 0.021806853582554523
0 0.11022103545468032 0.4462616822429906 0.02519337953249835 0.023364485981308435
0 0.1763536567274885 0.4182242990654206 0.037790069298747536 0.023364485981308435
0 0.29602220950685565 0.483644859813084 0.031491724415622924 0.02647975077881618
0 0.5211880390785598 0.17289719626168223 0.02204420709093597 0.040498442367601244
0 0.058259690168902444 0.6690031152647975 0.034640896857185244 0.026479750778816112
0 0.012596689766249178 0.27596053601796755 0.025193379532498356 0.03478711564964225
