0 0.02770919958419958 0.22713097713097713 0.03810014942827442 0.02598752598752597
0 0.26756695848492723 0.18139293139293136 0.015586424766112295 0.013513513513513509
0 0.09784811103170478 0.04573804573804575 0.01905007471413722 0.008316008316008316
0 0.12555731061590436 0.1081081081081081 0.012122774818087318 0.008316008316008325
0 0.6373115904365905 0.1288981288981289 0.02078189968814968 0.01247401247401248
0 0.7265005765982328 0.11486486486486487 0.015586424766112258 0.011434511434511432
0 0.6728140024038461 0.018191268191268192 0.0259773746101871 0.011434511434511437
0 0.5204134046907484 0.3180873180873181 0.01905007471413718 0.012474012474012497
0 0.5914182286252598 0.3295218295218295 0.01905007471413718 0.010395010395010403
0 0.46326318054833676 0.3196465696465696 0.022513724662162105 0.011434511434511378
0 0.2528464462058212 0.26559251559251557 0.013854599792099798 0.011434511434511414
0 0.14547329781704782 0.3383575883575884 0.017318249740124757 0.009355509355509354
0 0.7784553258186071 0.17723492723492726 0.015586424766112258 0.011434511434511449
0 0.31432623278326405 0.06444906444906445 0.008659124870062379 0.008316008316008316
0 0.5273407045867983 0.26195426195426197 0.019050074714137253 0.012474012474012497
0 0.32904674506237 0.3186070686070686 0.013854599792099763 0.009355509355509354
0 0.40524704391891886 0.344074844074844 0.01039094984407491 0.008316008316008308
0 0.7290983140592516 0.36642411642411643 0.013854599792099832 0.009355509355509354
0 0.8243486876299377 0.2567567567567568 0.013854599792099832 0.010395010395010403
0 0.36454915702962576 0.16632016632016633 0.015586424766112258 0.010395010395010403
0 0.07100482393451144 0.22401247401247404 0.013854599792099798 0.009355509355509354
0 0.06234569906444907 0.1153846153846154 0.013854599792099789 0.010395010395010385
0 0.3905265316398129 0.1995841995841996 0.012122774818087337 0.008316008316008308
0 0.32558309511434513 0.17255717255717257 0.010390949844074768 0.008316008316008308
0 0.4009174814838877 0.2234927234927235 0.019050074714137253 0.010395010395010403
0 0.6927299896049895 0.05873180873180873 0.02078189968814968 0.013513513513513518
0 0.8408010248830561 0.10135135135135137 0.015586424766112258 0.011434511434511432
0 0.8191532127079002 0.1257796257796258 0.01039094984407484 0.010395010395010403
