0 0.5059579439252337 0.5451713395638629 0.044236760124610655 0.05295950155763243
0 0.8114680685358254 0.5825545171339563 0.03594236760124616 0.03115264797507784
0 0.9455607476635515 0.1923676012461059 0.03870716510903421 0.04828660436137071
0 0.12718068535825547 0.5109034267912772 0.038707165109034276 0.03738317757009341
0 0.21565420560747664 0.49143302180685355 0.016588785046728987 0.014018691588785047
0 0.2370813862928349 0.528816199376947 0.015206386292834892 0.017133956386292937
0 0.22256619937694705 0.5615264797507789 0.01105919003115261 0.007788161993769549
0 0.20874221183800626 0.5965732087227414 0.013823987538940798 0.021806853582554523
0 0.17141744548286603 0.6355140186915887 0.011059190031152646 0.012461059190031137
0 0.015206386292834892 0.5991692587594005 0.030412772585669785 0.03322948325088838
0 0.003455996884735203 0.7479231528403975 0.006911993769470406 0.019210791662103332
0 0.3974396417445483 0.6635514018691588 0.01797118380062308 0.012461059190031137
0 0.41195482866043615 0.8107476635514018 0.01105919003115261 0.023364485981308292
0 0.7955704828660437 0.8146417445482865 0.023500778816199386 0.028037383177570093
0 0.5557242990654205 0.22352024922118383 0.011059190031152681 0.02024922118380065
0 0.42577881619937696 0.5155763239875389 0.02488317757009341 0.031152647975077913
0 0.6296826323987539 0.8411214953271028 0.015206386292834892 0.012461059190031137
0 0.7091705607476636 0.8364485981308412 0.013823987538940798 0.009345794392523317
0 0.7713785046728973 0.8590342679127726 0.01105919003115261 0.010903426791277298
0 0.767231308411215 0.8372274143302181 0.013823987538940798 0.014018691588784975
0 0.800408878504673 0.4509345794392523 0.01382398753894094 0.017133956386292865
0 0.7782904984423676 0.4719626168224299 0.008294392523364422 0.012461059190031137
0 0.7630841121495329 0.4501557632398754 0.011059190031152752 0.018691588785046776
0 0.7312889408099689 0.440809968847352 0.008294392523364422 0.015576323987538956
0 0.803173676012461 0.08333333333333331 0.01382398753894094 0.020249221183800632
0 0.46586838006230535 0.08021806853582554 0.013823987538940869 0.023364485981308424
0 0.45826518691588786 0.04205607476635514 0.012441588785046634 0.02180685358255452
0 0.021427180685358257 0.7850467289719626 0.01244158878504673 0.018691588785046634
0 0.8612344236760126 0.2897196261682243 0.016588785046728987 0.021806853582554523
0 0.6621690031152647 0.4197819314641744 0.008294392523364565 0.014018691588785047
0 0.6967289719626168 0.5038940809968847 0.016588785046728987 0.014018691588785047
0 0.09331191588785048 0.23442367601246106 0.017971183800623045 0.01713395638629283
0 0.28961253894080996 0.08333333333333331 0.012441588785046668 0.023364485981308417
0 0.38154205607476643 0.08021806853582554 0.011059190031152681 0.020249221183800615
0 0.42439641744548284 0.06697819314641745 0.013823987538940869 0.00934579439252336
0 0.4167932242990655 0.14485981308411214 0.01797118380062308 0.015576323987538956
0 0.81976246105919 0.13862928348909656 0.008294392523364422 0.00934579439252337
0 0.6414330218068537 0.32866043613707163 0.016588785046728914 0.015576323987538956
0 0.5992698598130842 0.41744548286604355 0.015206386292834894 0.018691588785046707
0 0.6600954049844237 0.7352024922118381 0.020735981308411196 0.018691588785046776
0 0.2474493769470405 0.7056074766355139 0.008294392523364457 0.015576323987538956
0 0.1658878504672897 0.8800623052959502 0.016588785046728987 0.015576323987538956
0 0.37117406542056075 0.33956386292834895 0.009676791277258517 0.012461059190031208
0 0.3898364485981308 0.29283489096573206 0.016588785046728914 0.012461059190031137
0 0.8453368380062305 0.6736760124610592 0.01797118380062301 0.020249221183800615
0 0.7112441588785046 0.21105919003115264 0.012441588785046776 0.014018691588785047
0 0.9856503115264797 0.8271028037383178 0.019353582554517176 0.015576323987538956
0 0.05736954828660437 0.8255451713395638 0.015206386292834901 0.012461059190031137
0 0.3932924454828661 0.5116822429906542 0.015206386292834892 0.017133956386292767
0 0.6061818535825546 0.2951713395638629 0.015206386292835035 0.01713395638629283
0 0.6303738317757009 0.2671339563862928 0.01105919003115261 0.01713395638629283
0 0.6518010124610591 0.26246105919003115 0.009676791277258588 0.020249221183800615
0 0.9130743769470406 0.04361370716510903 0.01797118380062301 0.024922118380062305
0 0.33730529595015585 0.04672897196261682 0.011059190031152681 0.02492211838006231
0 0.2875389408099689 0.028037383177570093 0.019353582554517138 0.021806853582554516
0 0.011059190031152648 0.17367601246105915 0.016588785046728973 0.014018691588785047
0 0.10713590342679127 0.5475077881619937 0.017971183800623045 0.020249221183800542
0 0.17141744548286603 0.5529595015576324 0.016588785046728952 0.015576323987538956
0 0.4416764018691589 0.7211838006230529 0.01797118380062301 0.015576323987538956
0 0.4181756230529595 0.4158878504672897 0.01797118380062301 0.015576323987538956
