0 0.6292834890965733 0.6035825545171339 0.2118380062305296 0.1666666666666668
0 0.9096573208722742 0.7352024922118381 0.024922118380062273 0.021806853582554596
0 0.31152647975077885 0.5295950155763239 0.049844236760124616 0.049844236760124616
0 0.22949117341640707 0.82398753894081 0.026998961578400867 0.024922118380062273
0 0.15160955347871238 0.8302180685358256 0.041536863966770525 0.031152647975077913
0 0.07061266874350987 0.7990654205607476 0.03322949117341642 0.021806853582554454
0 0.048805815160955356 0.7741433021806853 0.018691588785046735 0.015576323987538956
0 0.25752855659397716 0.4205607476635514 0.020768431983385263 0.031152647975077913
0 0.02180685358255452 0.2705088226223289 0.04361370716510904 0.0488058072384273
0 0.13811007268951195 0.3130841121495327 0.031152647975077875 0.021806853582554523
0 0.3208722741433022 0.2507788161993769 0.039460020768432004 0.031152647975077875
0 0.4454828660436138 0.2398753894080997 0.035306334371754886 0.024922118380062308
0 0.18276220145379024 0.1635514018691589 0.041536863966770525 0.040498442367601264
0 0.19003115264797507 0.11993769470404983 0.03946002076843197 0.03426791277258566
0 0.7559709241952234 0.07009345794392523 0.041536863966770594 0.04049844236760124
0 0.888888888888889 0.2585669781931464 0.033229491173416364 0.028037383177570055
0 0.6625129802699896 0.006230529595015574 0.04569055036344764 0.012461059190031149
0 0.41952232606438217 0.8029595015576324 0.041536863966770525 0.014018691588784975
0 0.674974039460021 0.33333333333333326 0.02907580477673932 0.031152647975077875
0 0.7133956386292836 0.3948598130841121 0.026998961578400725 0.023364485981308435
0 0.7165109034267914 0.4236760124610592 0.020768431983385228 0.018691588785046703
0 0.34164070612668745 0.3730529595015576 0.035306334371754955 0.023364485981308435
0 0.39148494288681207 0.3177570093457944 0.035306334371754886 0.021806853582554523
0 0.008307372793354102 0.03219106561298311 0.016614745586708203 0.022845283104251844
0 0.8348909657320874 0.8823987538940812 0.03738317757009341 0.04205607476635517
0 0.5732087227414331 0.8738317757009346 0.033229491173416295 0.018691588785046776
0 0.3769470404984424 0.8411214953271028 0.047767393561786095 0.028037383177570093
0 0.012461059190031154 0.16381100330768714 0.024922118380062308 0.02128765070549795
