0 0.14158686730506156 0.13201094391244872 0.02051983584131328 0.02325581395348838
0 0.1880984952120383 0.2332421340629275 0.015047879616963087 0.020519835841313245
0 0.20780501110629984 0.10442160045434018 0.007691674237905452 0.009501479940942055
0 0.4910396036315244 0.171158185753814 0.009501479940942019 0.00995393136670117
0 0.5473698061385379 0.2304293225282619 0.00904902851518287 0.008596577089423754
0 0.5356082783042774 0.2853774273206518 0.00860099556037845 0.00628483308593566
0 0.6739430924946587 0.25735018236093105 0.007012997099266727 0.007691674237905452
0 0.8008557174200984 0.28619396075307646 0.0074654485250259485 0.007012997099266798
0 0.7395485492297346 0.21040834693841975 0.008822802802303329 0.007917899950785028
0 0.6902313438219878 0.1778318442837614 0.005655642821989204 0.00520319139623016
0 0.906052883144577 0.15020756387510734 0.012890447163181022 0.008419838251236574
0 0.9005081439435503 0.3108525634569499 0.006786771386387187 0.00610809424774839
0 0.9190586523996751 0.25893376235108806 0.004976965683350443 0.004524514257591435
0 0.7968967674447061 0.21402795834449292 0.003619611406073204 0.004298288544711859
0 0.8200849030148621 0.22873262968166513 0.004298288544711966 0.004750739970471045
0 0.9345076561213639 0.4347111412585156 0.013799768485653913 0.012668639921256074
0 0.9175407276553958 0.4456830883331749 0.00791789995078517 0.007917899950785028
0 0.9451402646267039 0.42057203420354233 0.005203191396230267 0.006560545673507647
0 0.738256850198335 0.4076771685694068 0.005881868534868886 0.007012997099266798
0 0.6045574538865077 0.3686532330976806 0.010406382792460462 0.009953931366701241
0 0.5921150396781312 0.3315522161854307 0.006786771386387045 0.006334319960628107
0 0.5983362467823194 0.42317362990165736 0.005655642821989275 0.006334319960628037
0 0.6755923277306934 0.4132196985349563 0.0045245142575913635 0.004524514257591435
0 0.6534222078684953 0.3682007816719214 0.005429417109109807 0.005881868534868886
0 0.7409715587528897 0.47497931815107947 0.004072062831832284 0.005881868534868815
0 0.49076592030808286 0.49409539088940335 0.006786771386387258 0.006108094247748426
0 0.5008329645312238 0.4253227741740133 0.004750739970471045 0.006108094247748497
0 0.38251691669520754 0.4291686112929661 0.0061080942477483545 0.005203191396230053
0 0.3256211499059951 0.35960420458249764 0.00904902851518287 0.008596577089423789
0 0.36351395681332344 0.3744219887761096 0.005655642821989346 0.005655642821989346
0 0.28840702013730546 0.3717072802215548 0.004298288544711823 0.004750739970471045
0 0.21974751627835526 0.387995531548884 0.004976965683350585 0.004750739970471045
0 0.24757327896254266 0.43957499408542655 0.009049028515182904 0.007012997099266727
0 0.21624101772872187 0.4876479580723355 0.006108094247748461 0.006334319960628037
0 0.22562938481322412 0.4196671313520241 0.00407206283183232 0.0042982885447118944
0 0.21884261342683697 0.4358422698229134 0.0027147085545548323 0.0036196114060731335
0 0.208775569203696 0.447719119749091 0.0029409342674344076 0.0033933856931936644
0 0.13242439110684034 0.4557501325563158 0.005429417109109736 0.004072062831832284
0 0.010519495648900113 0.5987247830962056 0.00791789995078503 0.007239222812146337
0 0.06786771386387168 0.6607106284252083 0.009501479940942028 0.010406382792460391
0 0.1723839932142341 0.6168228401265713 0.008144125663664603 0.008596577089423647
0 0.21005057440868286 0.6403503142660467 0.0047507399704710095 0.008144125663664568
0 0.29488521673852247 0.6594663870043707 0.005655642821989275 0.005655642821989346
0 0.21887337721098618 0.684690553990443 0.006108094247748426 0.005881868534869028
0 0.40369978463359674 0.6060771187647915 0.006560545673507576 0.006108094247748426
0 0.47201994992322754 0.6953231624957829 0.007465448525025806 0.008144125663664426
0 0.26886925975737164 0.7508615750077179 0.004298288544711823 0.0052031913962301245
0 0.629925497513169 0.6507566970585071 0.0074654485250259485 0.006334319960628107
0 0.7189453155312807 0.6199900001068854 0.007691674237905346 0.008144125663664497
0 0.5925982548880395 0.5846987888976721 0.007465448525025877 0.007239222812146337
0 0.6026652991111805 0.6681760769502343 0.0049769656833507266 0.005429417109109522
0 0.6418023474393465 0.666705609816517 0.004072062831832426 0.004298288544711966
0 0.6300386103696088 0.7622859735081363 0.007239222812146267 0.007239222812146267
0 0.6190666632949495 0.7266554237296038 0.005203191396230053 0.005203191396230267
0 0.48581971840888144 0.6395585242709683 0.003845837118952673 0.004750739970471045
0 0.4713412727845888 0.6238358372258381 0.0052031913962301245 0.004524514257591506
0 0.48129520415129007 0.5548369947975685 0.005203191396230196 0.004524514257591577
0 0.794391590776618 0.6191982101118069 0.006560545673507647 0.006560545673507647
0 0.7305959397445787 0.5212424764349521 0.006108094247748426 0.005655642821989275
0 0.9142912186027913 0.5376438406187211 0.01108505993109901 0.01040638279246032
0 0.8605626117938929 0.5701072304169397 0.007691674237905488 0.007465448525025877
0 0.9009439015428966 0.6866134725499193 0.007012997099266727 0.008370351376544106
0 0.8597708217988145 0.6727005912078258 0.005655642821989346 0.006334319960627966
0 0.8274205448570355 0.6792611368813333 0.006560545673507647 0.006786771386387045
0 0.7799131451523255 0.6833331997131655 0.0070129970992665845 0.008144125663664568
0 0.9324716247054476 0.7699776477460418 0.00972770565382163 0.00950147994094209
0 0.9859740058014665 0.6395585242709684 0.005881868534868886 0.005655642821989346
0 0.9394846218047145 0.714326122377667 0.0052031913962301245 0.005429417109109665
0 0.9947968086037698 0.6993952253276151 0.003619611406073204 0.004072062831832142
0 0.6623581235272384 0.7933920090290775 0.0033933856931935226 0.003845837118952602
0 0.4714236218568794 0.7855872219347322 0.004750739970471045 0.005429417109109665
0 0.5096557673335272 0.6022312816458388 0.0033933856931935933 0.003845837118952815
0 0.526622695799495 0.6411421042611254 0.002940934267434514 0.004750739970471045
0 0.4908790331645227 0.6956625010651024 0.003845837118952815 0.004298288544711823
0 0.5545615713401223 0.7226964737542112 0.003167159980313983 0.004072062831832284
0 0.554674684196562 0.732311066551593 0.002940934267434585 0.0033933856931933804
0 0.5180261187100713 0.7410207564974565 0.002940934267434443 0.0036196114060733464
0 0.4842053746345753 0.729709470853478 0.0027147085545549034 0.0036196114060730623
0 0.6536484335813748 0.6676105126680354 0.0027147085545549034 0.003845837118952886
0 0.6258226708971876 0.6122983258689799 0.003167159980314196 0.0045245142575913635
0 0.5187047958487099 0.5750841961002903 0.0033933856931935933 0.0033933856931935933
0 0.6245784294763497 0.4452306369074158 0.0033933856931935933 0.004750739970471045
0 0.5759399012072418 0.456202583982075 0.003845837118952673 0.004524514257591506
0 0.8641514594158168 0.3944429643659517 0.004750739970471045 0.005881868534868886
0 0.859853170871105 0.3869775158409259 0.002940934267434301 0.0036196114060731335
0 0.9308880447152907 0.3420717118343309 0.004298288544711823 0.004750739970470974
0 0.9743233815881687 0.32137205910585004 0.0033933856931935226 0.00407206283183232
0 0.8218472511073369 0.3459175489532836 0.0033933856931935226 0.004298288544711823
0 0.760992534342732 0.29693968211485616 0.005655642821989488 0.006334319960628001
0 0.6492370321802232 0.27612691652993554 0.004298288544711966 0.0036196114060731335
0 0.6455043079177103 0.29637411783265727 0.0045245142575913635 0.005203191396230089
0 0.9538499545725674 0.2506765238309836 0.005429417109109665 0.005655642821989346
0 0.6209588180702766 0.14672580876282018 0.004750739970471045 0.006334319960628054
0 0.4914445974467215 0.09096117053800558 0.005881868534868815 0.006108094247748444
0 0.5313734357699661 0.12093607749454893 0.006560545673507576 0.007239222812146302
0 0.8601925094404242 0.03438630835769498 0.006334319960628107 0.006786771386387169
0 0.8521614966331995 0.08291172377036321 0.005655642821989346 0.005203191396230143
0 0.8881313849810515 0.07929211236429007 0.007465448525025806 0.00837035137654416
0 0.5607827784443103 0.037101016912249846 0.004750739970470903 0.0049769656833505895
0 0.5384995457256725 0.04943031826418655 0.004072062831832284 0.004298288544711877
0 0.538273320012793 0.10236713507800645 0.003167159980314196 0.003393385693193576
0 0.6157556266740464 0.06549234387863617 0.0033933856931934515 0.0042982885447118676
0 0.5983362467823194 0.06470055388355768 0.005655642821989275 0.004976965683350594
0 0.6022951967577118 0.027033972689108888 0.004072062831832355 0.004750739970471018
0 0.3364799841242146 0.1085883421821947 0.004524514257591435 0.005881868534868886
0 0.28671032729070867 0.12838309205915727 0.006334319960628037 0.005655642821989293
0 0.2343390747590877 0.07793475808701265 0.006108094247748461 0.004750739970471018
0 0.20097078210935074 0.10994569645947212 0.004072062831832284 0.003619611406073151
0 0.1319719396810812 0.09614592797381821 0.004976965683350585 0.0054294171091097175
0 0.11477878550223373 0.03268961551109819 0.006786771386387187 0.005655642821989306
0 0.08706613567448614 0.10723098790491725 0.009727705653821613 0.01040638279246032
0 0.028699901751556466 0.06424810245779852 0.0070129970992667354 0.008596577089423735
0 0.06297309725281167 0.1917262916654375 0.006786771386387169 0.005655642821989311
0 0.020555776087891865 0.00701299709926674 0.004298288544711873 0.004524514257591445
0 0.1264294097155317 0.0024884828416752948 0.003393385693193576 0.0040720628318323005
0 0.20345926495102604 0.06028915248240601 0.002714708554554868 0.002940934267434443
0 0.1465634981618136 0.05780066964073072 0.00203603141591616 0.0024884828416752926
0 0.3709794053383493 0.017871831317486212 0.002940934267434443 0.0031671599803140093
0 0.5054705916452551 0.029861794100103544 0.004976965683350656 0.004976965683350598
