0 0.38454049844236765 0.616822429906542 0.060358255451713416 0.03738317757009348
0 0.370911214953271 0.4501557632398754 0.040887850467289724 0.031152647975077913
0 0.3679906542056075 0.278816199376947 0.04283489096573213 0.015576323987538956
0 0.38940809968847345 0.33255451713395634 0.21417445482866043 0.15109034267912771
0 0.5957943925233644 0.18691588785046725 0.050623052959501605 0.046728971962616835
0 0.29595015576323985 0.33255451713395634 0.027258566978193174 0.023364485981308435
0 0.4400311526479751 0.338006230529595 0.03894080996884739 0.031152647975077913
0 0.4887071651090343 0.30295950155763235 0.04283489096573206 0.0233644859813084
0 0.3524143302180685 0.3348909657320872 0.03504672897196258 0.028037383177570093
0 0.3981697819314642 0.3364485981308411 0.033099688473520246 0.028037383177570093
0 0.7028816199376946 0.07242990654205608 0.03504672897196258 0.038940809968847356
0 0.6386292834890965 0.39797507788161995 0.03115264797507784 0.04828660436137071
0 0.7554517133956385 0.7414330218068537 0.031152647975077913 0.03426791277258573
0 0.047702492211838 0.5358255451713395 0.025311526479750778 0.024922118380062273
0 0.5159657320872274 0.18457943925233644 0.023364485981308504 0.0233644859813084
0 0.7340342679127726 0.3177570093457944 0.03504672897196258 0.03738317757009348
