0 0.41728971962616823 0.5957943925233644 0.02049844236760123 0.020249221183800684
0 0.4853738317757009 0.543613707165109 0.021962616822429906 0.012461059190031137
0 0.6486292834890967 0.42990654205607476 0.026355140186915947 0.024922118380062273
0 0.7906542056074767 0.5163551401869159 0.06442367601246118 0.06074766355140184
0 0.5088006230529595 0.9766355140186915 0.06295950155763251 0.04672897196261687
0 0.6691277258566979 0.9485981308411214 0.026355140186915947 0.024922118380062416
0 0.7621028037383177 0.881619937694704 0.027819314641744485 0.021806853582554454
0 0.9883021806853582 0.6542056074766355 0.02339563862928344 0.03115264797507784
0 0.9553738317757009 0.940809968847352 0.021962616822429767 0.024922118380062273
0 0.7481931464174454 0.9898753894080997 0.03514018691588788 0.020249221183800615
0 0.4392523364485982 0.8348909657320871 0.02049844236760123 0.024922118380062273
0 0.11566978193146418 0.733644859813084 0.020498442367601247 0.024922118380062416
0 0.21450155763239878 0.9478193146417445 0.02196261682242987 0.023364485981308435
0 0.10761682242990654 0.8730529595015577 0.024890965732087232 0.026479750778816254
0 0.3374922118380062 0.5498442367601245 0.021962616822429906 0.021806853582554523
0 0.5483333333333333 0.44704049844236765 0.01903426791277262 0.021806853582554523
0 0.7818691588785046 0.3582554517133956 0.02049844236760123 0.024922118380062273
0 0.7899221183800623 0.3169781931464174 0.013177570093457974 0.0233644859813084
0 0.5073364485981309 0.11993769470404983 0.01903426791277255 0.03426791277258566
0 0.6932866043613707 0.0778816199376947 0.0336760124610592 0.04361370716510903
0 0.7774766355140187 0.04205607476635514 0.029283489096573162 0.037383177570093455
0 0.6508255451713396 0.16121495327102803 0.019034267912772407 0.0264797507788162
0 0.7225700934579439 0.13239875389408098 0.021962616822429906 0.02492211838006229
0 0.7862616822429906 0.17912772585669778 0.01757009345794387 0.024922118380062308
0 0.8799688473520249 0.1144859813084112 0.026355140186915805 0.0233644859813084
0 0.8814330218068536 0.20015576323987538 0.01757009345794387 0.020249221183800615
0 0.9480529595015577 0.40420560747663553 0.01903426791277255 0.023364485981308435
0 0.19839563862928347 0.31542056074766356 0.021962616822429906 0.02647975077881618
0 0.05124610591900312 0.4672897196261683 0.020498442367601247 0.018691588785046703
0 0.06222741433021806 0.6362928348909658 0.019034267912772577 0.017133956386292795
0 0.19034267912772584 0.530373831775701 0.01757009345794394 0.017133956386292795
0 0.4297352024922118 0.7242990654205608 0.01610591900311526 0.018691588785046776
0 0.5461370716510904 0.8520249221183801 0.014641744548286581 0.021806853582554596
0 0.7738161993769469 0.7313084112149533 0.024890965732087267 0.020249221183800615
0 0.873380062305296 0.6588785046728972 0.01903426791277255 0.021806853582554454
0 0.629595015576324 0.28348909657320864 0.01757009345794394 0.01869158878504674
0 0.41216510903426795 0.044392523364485986 0.01903426791277255 0.01713395638629284
0 0.4963551401869159 0.020249221183800622 0.02049844236760123 0.01557632398753894
0 0.20864485981308412 0.9003115264797508 0.01610591900311526 0.018691588785046634
0 0.46414330218068534 0.6487538940809969 0.02049844236760123 0.020249221183800615
0 0.5373520249221184 0.6137071651090342 0.0204984423676013 0.018691588785046703
0 0.5615109034267912 0.9003115264797508 0.01903426791277255 0.024922118380062273
0 0.7533177570093457 0.9065420560747665 0.021962616822429906 0.021806853582554596
0 0.22548286604361373 0.7445482866043613 0.0292834890965732 0.024922118380062273
0 0.42680685358255455 0.4766355140186916 0.01903426791277255 0.018691588785046703
0 0.9473208722741433 0.6534267912772586 0.023426791277258587 0.029595015576324
0 0.6581464174454829 0.6884735202492211 0.01903426791277269 0.024922118380062273
0 0.29283489096573206 0.13551401869158877 0.011713395638629293 0.021806853582554506
0 0.39898753894080996 0.8177570093457944 0.027819314641744627 0.018691588785046776
0 0.7489252336448599 0.8457943925233644 0.01610591900311533 0.021806853582554454
0 0.6347196261682242 0.9501557632398755 0.01903426791277262 0.018691588785046776
0 0.6991433021806853 0.9096573208722742 0.01903426791277255 0.018691588785046776
0 0.5124610591900312 0.8161993769470405 0.01757009345794394 0.012461059190031137
0 0.5336915887850467 0.7367601246105919 0.013177570093458045 0.021806853582554596
0 0.4304672897196262 0.6674454828660435 0.014641744548286581 0.023364485981308435
0 0.5812772585669781 0.3629283489096573 0.014641744548286652 0.015576323987538956
0 0.8550778816199376 0.323208722741433 0.02049844236760123 0.020249221183800615
0 0.8455607476635514 0.5311526479750778 0.01610591900311533 0.021806853582554523
0 0.7401401869158879 0.5202492211838006 0.01610591900311533 0.024922118380062343
0 0.6435046728971963 0.4898753894080997 0.01903426791277255 0.017133956386292795
0 0.7203738317757009 0.6152647975077882 0.01757009345794387 0.018691588785046703
0 0.8228660436137072 0.850467289719626 0.023426791277258587 0.024922118380062416
0 0.8550778816199377 0.9166666666666667 0.01757009345794387 0.020249221183800615
0 0.636183800623053 0.9922118380062305 0.027819314641744627 0.015576323987538956
0 0.4180218068535826 0.40965732087227413 0.010249221183800615 0.015576323987538956
0 0.10249221183800622 0.4392523364485982 0.017570093457943924 0.012461059190031208
0 0.6676635514018692 0.8278816199376948 0.011713395638629151 0.01090342679127744
0 0.45755451713395634 0.24610591900311526 0.01903426791277262 0.02180685358255449
