0 0.4108590099299066 0.7001557632398755 0.08588578173676019 0.11682242990654217
0 0.47991582092095014 0.4672897196261683 0.05919155227803742 0.07476635514018688
0 0.6261537736078661 0.5327102803738317 0.04294289086837992 0.05295950155763243
0 0.2785484813084112 0.9688473520249221 0.04642474688473523 0.0623052959501552
0 0.07427959501557632 0.04361370716510903 0.032497322819314646 0.037383177570093455
0 0.2512739425136293 0.04361370716510903 0.033657941491433016 0.040498442367601244
0 0.3551493136682242 0.18302180685358255 0.02553361078660437 0.03582554517133957
0 0.23038280641549846 0.18847352024922118 0.024372992114486004 0.031152647975077875
0 0.21877661969431464 0.23364485981308414 0.026694229458722737 0.031152647975077875
0 0.10619660849883178 0.17601246105919002 0.022051754770249215 0.028037383177570093
0 0.11954372322819314 0.32087227414330216 0.030176085475077875 0.046728971962616835
0 0.09807227779400311 0.337227414330218 0.022051754770249215 0.03582554517133953
0 0.07834176036799065 0.4338006230529595 0.026694229458722747 0.04828660436137078
0 0.1514607367114486 0.5085669781931464 0.033657941491433016 0.04205607476635507
0 0.1288286726051402 0.5264797507788161 0.030176085475077895 0.04361370716510898
0 0.22922218774338007 0.5514018691588785 0.03365794149143298 0.062305295950155826
0 0.3354187962422118 0.6074766355140186 0.03946103485202492 0.043613707165109046
0 0.2942168333820094 0.7056074766355139 0.03365794149143305 0.03426791277258559
0 0.2797090999805296 0.7274143302180685 0.030176085475077875 0.028037383177570093
0 0.25881796388239875 0.792834890965732 0.02785484813084114 0.05295950155763251
0 0.4392941673968069 0.8387850467289719 0.0475853655568536 0.051401869158878524
0 0.6824437792056075 0.8224299065420562 0.041782272196261655 0.049844236760124686
0 0.6603920244353583 0.8489096573208724 0.025533610786604443 0.043613707165109046
0 0.6261537736078661 0.8551401869158879 0.019730517426012496 0.03738317757009355
0 0.6418221256814642 0.911214953271028 0.02553361078660437 0.03426791277258573
0 0.6574904777550623 0.8940809968847353 0.024372992114485896 0.024922118380062416
0 0.7439565688278816 0.9228971962616825 0.02785484813084125 0.03271028037383175
0 0.7416353314836449 0.9485981308411214 0.030176085475077913 0.028037383177570093
0 0.7520808995327103 0.9828660436137072 0.027854848130841107 0.024922118380062273
0 0.7201638860494549 0.9587227414330218 0.022051754770249232 0.03271028037383175
0 0.7828372943438473 0.9805295950155763 0.02437299211448604 0.038940809968847245
0 0.821137710523754 0.9844236760124611 0.026694229458722844 0.031152647975077913
0 0.8414485372858255 0.9283489096573209 0.023212373442367637 0.031152647975077913
0 0.9157281323014018 0.8286604361370716 0.020891136098130828 0.04361370716510891
0 0.8089512144665109 0.7523364485981309 0.030176085475077913 0.04049844236760123
0 0.9868795329536604 0.6869158878504672 0.02624093409267914 0.04049844236760137
0 0.8722049320969626 0.23676012461059187 0.042942890868380205 0.04984423676012458
0 0.742215640819704 0.23442367601246106 0.03365794149143312 0.03894080996884732
0 0.6545889310747662 0.15809968847352024 0.03249732281931458 0.038940809968847336
0 0.5959776881327882 0.1573208722741433 0.03133670414719624 0.03426791277258566
0 0.5124131437402649 0.06697819314641745 0.02437299211448597 0.03426791277258567
0 0.5048691223714953 0.04595015576323988 0.020891136098130828 0.029595015576323987
0 0.5687031493380063 0.06386292834890965 0.020891136098130828 0.028037383177570093
0 0.5158949997566199 0.16822429906542055 0.02437299211448597 0.03738317757009348
0 0.5019675756911994 0.10436137071651089 0.019730517426012496 0.031152647975077895
0 0.3998331325447819 0.2188473520249221 0.019730517426012496 0.032710280373831786
0 0.3795223057827103 0.3956386292834891 0.02553361078660437 0.03115264797507784
0 0.37081766574182246 0.4524922118380062 0.015088042737538956 0.023364485981308435
0 0.38764663648753894 0.5147975077881619 0.013927424065420553 0.026479750778816254
0 0.39577096719236765 0.5700934579439252 0.01624866140965729 0.024922118380062343
0 0.4033149885611371 0.589563862928349 0.012766805393302222 0.029595015576323932
0 0.4358123113804517 0.5638629283489096 0.017409280081775762 0.028037383177570093
0 0.45438221013434577 0.5794392523364486 0.017409280081775762 0.018691588785046776
0 0.5245996397975078 0.46417445482866043 0.023212373442367706 0.03738317757009341
0 0.5286618051499221 0.4221183800623053 0.022051754770249232 0.028037383177570093
0 0.5849518107476634 0.5568535825545171 0.023212373442367637 0.03271028037383175
0 0.6557495497468847 0.27492211838006225 0.020891136098130828 0.029595015576323967
0 0.06093248028621495 0.57398753894081 0.0174092800817757 0.03271028037383182
0 0.054549077589563864 0.5163551401869159 0.016248661409657316 0.03271028037383175
0 0.25417548919392524 0.37772585669781933 0.016248661409657358 0.03271028037383182
0 0.3035017827589564 0.42679127725856697 0.02437299211448597 0.031152647975077913
0 0.1520410460475078 0.323208722741433 0.0116061867211838 0.03271028037383182
0 0.08878732841705608 0.10046728971962615 0.026694229458722747 0.023364485981308417
0 0.17525341948987538 0.08489096573208724 0.02553361078660437 0.03894080996884736
0 0.07369928567951715 0.7967289719626168 0.022051754770249222 0.03582554517133957
0 0.08936763775311526 0.6993769470404985 0.02089113609813085 0.028037383177570093
0 0.11490124853971963 0.6721183800623054 0.02089113609813085 0.029595015576324078
0 0.17061094480140185 0.6931464174454828 0.020891136098130866 0.028037383177570093
0 0.16596847011292834 0.7780373831775701 0.023212373442367616 0.026479750778816254
0 0.2141341450058411 0.7920560747663552 0.01973051742601246 0.020249221183800757
0 0.6975318219431463 0.5996884735202492 0.01856989875389402 0.03426791277258566
0 0.7137804833528036 0.6783489096573209 0.01856989875389402 0.029595015576323932
0 0.919209988317757 0.383177570093458 0.01856989875389402 0.03115264797507784
0 0.9447435991043613 0.3426791277258567 0.027854848130841107 0.04984423676012465
0 0.803148121105919 0.5311526479750779 0.023212373442367637 0.024922118380062343
0 0.8315832785728193 0.5327102803738317 0.017409280081775762 0.024922118380062343
0 0.3551493136682244 0.13317757009345793 0.0208911360981309 0.0233644859813084
0 0.7799357476635513 0.010903426791277258 0.02089113609813097 0.021806853582554516
0 0.5112525250681463 0.7398753894080997 0.012766805393302222 0.03426791277258573
0 0.06151278962227415 0.6378504672897196 0.02089113609813085 0.029595015576324
0 0.4358123113804517 0.23598130841121495 0.019730517426012426 0.029595015576323967
0 0.1920823902355919 0.9742990654205608 0.029015466802959508 0.03582554517133957
0 0.6371796509929906 0.3901869158878505 0.020891136098130828 0.020249221183800615
0 0.5948170694606698 0.3574766355140187 0.01740928008177569 0.023364485981308362
0 0.576827480042835 0.3465732087227414 0.01624866140965729 0.023364485981308435
0 0.5431695385514019 0.38239875389408096 0.01856989875389402 0.017133956386292865
0 0.1514607367114486 0.23208722741433022 0.024372992114486004 0.028037383177570093
0 0.18337775019470406 0.3107476635514018 0.01856989875389406 0.03582554517133957
0 0.21065228898948596 0.34034267912772587 0.02437299211448597 0.03582554517133957
0 0.140434859326324 0.4057632398753894 0.025533610786604388 0.04205607476635514
0 0.10851784584306853 0.4135514018691589 0.01973051742601246 0.03894080996884732
0 0.08240392572040499 0.381619937694704 0.016248661409657323 0.0404984423676013
0 0.01915020808995327 0.45950155763239875 0.01973051742601246 0.0467289719626168
0 0.433491074036215 0.3629283489096573 0.015088042737538885 0.028037383177570093
0 0.565221293321651 0.220404984423676 0.01624866140965729 0.020249221183800615
0 0.5321436611662773 0.2406542056074766 0.019730517426012353 0.03271028037383175
0 0.7805160569996106 0.15031152647975077 0.01973051742601257 0.0264797507788162
0 0.7729720356308412 0.06074766355140186 0.018569898753894164 0.03426791277258567
0 0.882650500146028 0.7024922118380061 0.02437299211448604 0.03738317757009341
0 0.8199770918516356 0.7998442367601245 0.022051754770249232 0.03894080996884739
0 0.7561430648851245 0.5996884735202492 0.017409280081775905 0.018691588785046776
0 0.8861323561623832 0.6355140186915889 0.022051754770249232 0.028037383177570162
0 0.9093447296047508 0.6713395638629283 0.01276680539330215 0.028037383177570093
0 0.9418420524240654 0.7811526479750779 0.022051754770249232 0.038940809968847245
0 0.864080601392134 0.8356697819314642 0.022051754770249232 0.029595015576324078
0 0.9546088578173676 0.5358255451713395 0.015088042737538956 0.031152647975077913
0 0.2924759053738317 0.8800623052959502 0.0232123734423676 0.031152647975077913
0 0.2988593080704829 0.9205607476635513 0.019730517426012426 0.015576323987538956
0 0.1450773340147975 0.896417445482866 0.01624866140965734 0.03271028037383175
0 0.5118328344042056 0.6433021806853582 0.013927424065420625 0.015576323987538885
0 0.5333042798383957 0.5077881619937695 0.022051754770249232 0.018691588785046703
0 0.613386968214564 0.4205607476635514 0.012766805393302222 0.024922118380062273
0 0.26578167591510904 0.07398753894080996 0.0232123734423676 0.032710280373831765
0 0.2158750730140187 0.024143302180685357 0.020891136098130866 0.03271028037383178
0 0.39693158586448596 0.024922118380062308 0.023212373442367637 0.031152647975077885
0 0.4230455059871495 0.023364485981308407 0.02437299211448597 0.028037383177570093
0 0.30001992674260125 0.09813084112149532 0.01508804273753892 0.03426791277258566
0 0.3458643642912773 0.09968847352024922 0.018569898753894094 0.024922118380062308
