0 0.14505221946696045 0.3116132584701615 0.016459580732731426 0.01254828766808469
0 0.4147091804074545 0.3814899976414565 0.01435835766046793 0.009595749393241135
0 0.43081855729480867 0.35491715316786554 0.012957542278958768 0.009103659680767252
0 0.5542654127902946 0.33412636281584285 0.016109376887354046 0.009349704537004299
0 0.44482671110989924 0.37570794351988807 0.010155911515940587 0.00639716626216078
0 0.4189116265519817 0.4076937748306922 0.012957542278958768 0.01033388396195214
0 0.5885853896372665 0.35885387086765674 0.014008153815090693 0.011564108243136957
0 0.6351625010724429 0.42171833163619865 0.012607338433581533 0.00836552511205646
0 0.6964481740134641 0.4177816139364073 0.00980570767056335 0.008857614824530416
0 0.5635458146927921 0.4230715783455018 0.009455503825186255 0.004674852268502221
0 0.6076714992103275 0.42553202690787145 0.008054688443676952 0.005166941980976034
0 0.41085693810830465 0.43402057444804626 0.009455503825186184 0.00639716626216078
0 0.2644717307406078 0.43734218000724523 0.010155911515940658 0.006151121405923803
0 0.18374974438114827 0.41802765879264425 0.009805707670563458 0.007873435399582504
0 0.11983754259979738 0.39330015074083036 0.008054688443677094 0.007135300830871713
0 0.0933971522738139 0.35319483917420685 0.011206523052072495 0.007135300830871713
0 0.06012778696297371 0.32170109757587667 0.013307746124336068 0.008611569968293367
0 0.4939625239046323 0.2027384095853092 0.02136243456801317 0.01525478108669116
0 0.20084190532386145 0.25994383866040105 0.012957542278958768 0.009595749393241206
0 0.19243701303480712 0.27113887961918254 0.010155911515940695 0.008365525112056389
0 0.16687213232226675 0.27901231501876506 0.009455503825186149 0.00639716626216078
0 0.4153417606174363 0.25969779380416413 0.012607338433581533 0.009595749393241206
0 0.43722950095351537 0.26843238620057597 0.010155911515940587 0.00787343539958254
0 0.4568409162946422 0.27249212632848574 0.0073542807529225485 0.008119480255819553
0 0.3657879164965533 0.23140263533691438 0.010856319206695204 0.007135300830871643
0 0.3729670953267872 0.23853793616778604 0.006303669216790766 0.004674852268502114
0 0.31518346083953847 0.19326568262018642 0.009805707670563421 0.006151121405923874
0 0.014008153815090598 0.32231620971646896 0.014708561505845128 0.006889255974634665
0 0.0420244614452718 0.3637747679923957 0.01680978457810872 0.009595749393241206
0 0.03274405954277427 0.38333533406323367 0.010155911515940676 0.007381345687108691
0 0.8315590308483156 0.26547984792573254 0.01715998842348597 0.010825973674426025
0 0.7783280463509713 0.21614785425022323 0.010155911515940658 0.008119480255819482
0 0.7042599330536798 0.2183622579563558 0.009105299979808877 0.008119480255819482
0 0.6984815696049549 0.2572373452417946 0.009455503825186184 0.006151121405923874
0 0.7235211445494294 0.2211917738030808 0.009105299979808877 0.006397166262160816
0 0.7154664561057522 0.2331249493305731 0.0077044845982996435 0.007135300830871678
0 0.5179514873129748 0.17665765482419205 0.013307746124336006 0.00885761482453038
0 0.5851906256254097 0.1919124359108832 0.010506115361318109 0.005905076549686896
0 0.6037514294304048 0.07639437590763315 0.01751019226886328 0.013040377380558556
0 0.39082749144102763 0.1069039380810155 0.011906930742826987 0.0076273905433455625
0 0.45473969322237856 0.016728498270171734 0.009455503825186184 0.006889255974634722
0 0.6053273467346024 0.053512204277596405 0.013657949969713456 0.009103659680767323
0 0.7040848311309912 0.07565624133892229 0.011556726897449607 0.010087839105715117
0 0.7877835501761575 0.005289964409094519 0.023463657640276806 0.010579928818189038
0 0.6261644755345499 0.013163399808677055 0.009805707670563421 0.008119480255819494
0 0.5941208236825299 0.02681888932982802 0.015058765351222405 0.009349704537004268
0 0.4992155815852912 0.02718795661418345 0.008054688443677023 0.00615112140592386
0 0.59412082368253 0.14898016045147586 0.010856319206695275 0.00762739054334558
0 0.03624609799654692 0.05376080108777453 0.01926121149574957 0.012056197955610762
0 0.03239385569739701 0.042442737700874617 0.011556726897449741 0.008119480255819482
0 0.175802330379387 0.12228429354976629 0.012607338433581533 0.010333883961952069
0 0.20679537069527495 0.06298748319666031 0.009455503825186184 0.007873435399582532
0 0.2640536994144578 0.0656939766152668 0.008404892289054331 0.006889255974634718
0 0.2463684052229059 0.10309279476328387 0.008054688443677094 0.006889255974634701
0 0.2637034955690805 0.10063234620091432 0.009105299979808912 0.005905076549686896
0 0.25704962250691243 0.12437567482778043 0.009105299979808912 0.006643211118397776
0 0.3852242299149915 0.1310188859461782 0.00980570767056335 0.00762739054334558
0 0.1589925458012783 0.14799598102652806 0.009105299979808877 0.003690672843554328
0 0.04044854414107411 0.16571121067558875 0.010155911515940676 0.005659031693449989
0 0.08369871904516633 0.17075513022844632 0.009105299979808886 0.005905076549686896
0 0.9859918461849096 0.32022738039239607 0.016109376887354046 0.011072018530662895
0 0.9465939135799672 0.33363682505731007 0.012257134588204367 0.00738134568710862
0 0.8968649675363958 0.33708145304462744 0.008054688443677236 0.005412986837213012
0 0.7897025908509525 0.34372466416302516 0.0101559115159408 0.005905076549686967
0 0.770441379355203 0.33166846620741436 0.011556726897449607 0.009841794249478184
0 0.6611777795974965 0.49147460033331625 0.017860396114240444 0.010579928818189047
0 0.9056200636708271 0.476957953815336 0.01155672689744975 0.010579928818189047
0 0.9616526789311897 0.479787469662061 0.012257134588204367 0.009841794249478255
0 0.8649964176070646 0.47425146039672955 0.010856319206695275 0.007627390543345598
0 0.7499544544006329 0.5075905384168368 0.011906930742826916 0.007873435399582504
0 0.5039362530231043 0.527766216628267 0.015058765351222405 0.008857614824530416
0 0.21169114405577666 0.5831263092815817 0.013307746124336077 0.00738134568710862
0 0.288735990038775 0.625199979698101 0.013307746124336077 0.007873435399582575
0 0.3423171783814965 0.5956745969496664 0.014008153815090693 0.007873435399582504
0 0.7418997659569558 0.6244618451293902 0.012607338433581533 0.010333883961951998
0 0.6413912623336809 0.5886623185469132 0.015408969196599571 0.009595749393241206
0 0.5147925722297996 0.6729326818080701 0.012257134588204224 0.007873435399582433
0 0.4020269340183203 0.6758852200829135 0.01155672689744975 0.006889255974634807
0 0.9353873905278948 0.668257829539568 0.011556726897449892 0.008857614824530487
0 0.9648045135395852 0.6345496842351053 0.012257134588204509 0.007381345687108691
0 0.7664140351333644 0.5992422473651022 0.00840489228905426 0.006151121405923945
0 0.7935548331501024 0.6083459070458695 0.008054688443676952 0.006643211118397829
0 0.7592348563031305 0.7558497983599238 0.023463657640276806 0.01279433252432156
0 0.6100480181724156 0.7702434224497856 0.013657949969713385 0.009103659680767323
0 0.6776373603302278 0.7601555833440705 0.010155911515940516 0.008611569968293367
0 0.7203622294662541 0.768029018743653 0.010856319206695275 0.008119480255819553
0 0.8005589100576478 0.738626658423337 0.009455503825186184 0.007381345687108762
0 0.7042528525788998 0.6570627885807866 0.013657949969713314 0.009595749393241135
0 0.3682322629394142 0.8424575877553317 0.02731589993942656 0.020175678211430324
0 0.5871096663002048 0.8344611299276307 0.019611415341126842 0.013532467093032352
0 0.2859343592757569 0.813424294719371 0.010506115361317896 0.005905076549686896
0 0.09349734624094977 0.8173610124191623 0.010856319206695204 0.008365525112056673
0 0.09034551163255439 0.7292769538863328 0.010155911515940695 0.008365525112056531
0 0.14935485957862352 0.7591714039191225 0.01050611536131795 0.00762739054334574
0 0.210115226751579 0.7667987944624681 0.01155672689744975 0.008611569968293509
0 0.38591755713096604 0.7479763629603411 0.010856319206695204 0.006397166262160994
0 0.2698320628631827 0.7931255940798222 0.019261211495749535 0.008119480255819553
0 0.037471811455367356 0.7527742376569617 0.008404892289054357 0.007135300830871784
0 0.04465099028560129 0.7412101294138247 0.008054688443677085 0.006151121405923874
0 0.06969056523007573 0.73997990513264 0.007704484598299839 0.006643211118397829
0 0.01978651726381547 0.7788549924180789 0.008755096134431628 0.008119480255819553
0 0.05340608642003291 0.8076422405978024 0.008054688443677094 0.0046748522685021495
0 0.11941951127364735 0.8171149675629253 0.007704484598299821 0.005412986837212941
0 0.4734755989500622 0.7645843907563354 0.009105299979808877 0.008611569968293225
0 0.2918949051219504 0.6884335077509982 0.010155911515940695 0.007381345687108478
0 0.28121368783794376 0.6939695170163296 0.009805707670563458 0.005659031693449918
0 0.04097384990914 0.6794528704983495 0.013307746124336068 0.008611569968293367
0 0.05655792102842829 0.707994073821836 0.00875509613443162 0.008119480255819411
0 0.08492443250398676 0.541175661293181 0.01435835766046786 0.01107201853066293
0 0.053055882574655634 0.5178013999506704 0.01645958073273145 0.013532467093032494
0 0.14463418814081042 0.4795414248058239 0.011206523052072459 0.006889255974634594
0 0.05830894025531462 0.4922127349020271 0.01435835766046786 0.007135300830871643
0 0.146735411213074 0.48667672563669556 0.009105299979808858 0.005905076549686967
0 0.29364592434883674 0.47818817809652076 0.015759173041976878 0.007627390543345598
0 0.6997072830637754 0.2063086119546862 0.011206523052072584 0.008119480255819447
0 0.7828806963408758 0.16817165923795827 0.01295754227895884 0.0076273905433455625
0 0.9399471209925793 0.17752136377496253 0.005603261526036221 0.0041827625560282656
0 0.9525544594261607 0.1771522964906071 0.008404892289054403 0.005412986837213047
0 0.9324177383169681 0.1925301000054168 0.005953465371413529 0.004674852268502114
0 0.9336434517757884 0.20003446812064385 0.007004076907545311 0.003936717699791288
0 0.9408226306060223 0.21381298006991328 0.005953465371413529 0.0049208971247391275
0 0.508846187333166 0.3017740161746245 0.009805707670563421 0.006643211118397794
