0 0.7641331658291456 0.12646566164154105 0.024497487437186008 0.055276381909547714
0 0.29868090452261303 0.4288107202680067 0.02449748743718594 0.06700167504187604
0 0.39996859296482407 0.3685092127303182 0.021670854271356746 0.04020100502512562
0 0.3980841708542713 0.3157453936348409 0.019786432160803998 0.038525963149078774
0 0.009422110552763817 0.21775544388609713 0.01695979899497487 0.04690117252931323
0 0.9473932160804018 0.2512562814070352 0.019786432160803998 0.04355108877721943
0 0.05087939698492461 0.7638190954773869 0.013190954773869352 0.026800670016750416
0 0.13756281407035176 0.7705192629815746 0.020728643216080388 0.026800670016750416
0 0.14227386934673367 0.8559463986599666 0.016959798994974875 0.030150753768844255
0 0.11212311557788944 0.8802345058626466 0.013190954773869343 0.03182579564489117
0 0.39101758793969843 0.5309882747068676 0.026381909547738617 0.036850921273031786
0 0.8833228643216079 0.6197654941373534 0.02732412060301499 0.04355108877721932
0 0.6783919597989949 0.25041876046901174 0.01507537688442227 0.0318257956448911
0 0.17336683417085424 0.21189279731993302 0.015075376884422127 0.0284757118927973
0 0.20445979899497485 0.34757118927973196 0.009422110552763811 0.028475711892797406
0 0.2006909547738693 0.4187604690117253 0.013190954773869343 0.026800670016750416
0 0.0833856783919598 0.3953098827470687 0.014133165829145726 0.03350083752093802
0 0.11400753768844218 0.4304857621440536 0.01319095477386936 0.02345058626465665
0 0.10882537688442209 0.3056951423785595 0.014133165829145717 0.02847571189279737
0 0.028737437185929648 0.38023450586264657 0.012248743718592964 0.030150753768844255
0 0.16630025125628137 0.5150753768844221 0.010364321608040222 0.025125628140703498
0 0.1846733668341708 0.25376884422110557 0.013190954773869343 0.03182579564489114
0 0.37452889447236176 0.16499162479061977 0.0160175879396985 0.028475711892797337
0 0.40656407035175873 0.11390284757118926 0.0160175879396985 0.03350083752093804
0 0.38347989949748734 0.08710217755443887 0.016959798994974875 0.026800670016750426
0 0.535646984924623 0.04103852596314908 0.012248743718592935 0.03517587939698493
0 0.8178391959798992 0.02010050251256281 0.018844221105527623 0.026800670016750416
0 0.94786432160804 0.022613065326633163 0.016959798994974875 0.02512562814070352
0 0.9869660804020098 0.04438860971524289 0.021670854271356746 0.038525963149078725
0 0.8428077889447235 0.8542713567839195 0.01790201005025125 0.026800670016750273
0 0.880967336683417 0.9120603015075378 0.018844221105527623 0.03182579564489103
0 0.9596419597989949 0.8107202680067002 0.0160175879396985 0.026800670016750416
0 0.9516331658291456 0.8559463986599664 0.015075376884421985 0.036850921273031786
0 0.1276695979899497 0.07202680067001674 0.016017587939698482 0.03015075376884422
0 0.19880653266331655 0.05276381909547738 0.02449748743718594 0.03182579564489112
0 0.08527010050251255 0.11809045226130653 0.023555276381909556 0.03182579564489112
0 0.41080402010050243 0.5711892797319933 0.01319095477386938 0.02345058626465658
0 0.30621859296482407 0.6809045226130653 0.043341708542713596 0.08877721943048562
0 0.3698178391959799 0.9296482412060301 0.027324120603015062 0.03685092127303193
0 0.5290515075376884 0.6390284757118928 0.021670854271356888 0.03517587939698501
0 0.5186871859296481 0.6013400335008375 0.021670854271356746 0.02345058626465658
0 0.5686243718592964 0.7537688442211055 0.04051507537688437 0.06700167504187604
0 0.7189070351758793 0.9455611390284757 0.016959798994974875 0.028475711892797337
0 0.7462311557788945 0.7135678391959799 0.022613065326633118 0.030150753768844255
