0 0.6939252336448598 0.10202492211838006 0.0551985981308411 0.048286604361370715
0 0.2868355724299066 0.19314641744548286 0.02168516355140188 0.031152647975077913
0 0.7165960864485982 0.6978193146417445 0.03351343457943926 0.03738317757009341
0 0.8358644859813085 0.9556074766355142 0.03942757009345797 0.029595015576324074
0 0.05914135514018692 0.8691588785046729 0.04337032710280374 0.031152647975077913
0 0.3410484813084112 0.9065420560747662 0.027599299065420482 0.018691588785046776
0 0.3745619158878505 0.21339563862928349 0.015771028037383204 0.021806853582554523
0 0.6347838785046729 0.009345794392523364 0.0236565420560747 0.018691588785046728
0 0.6199985397196263 0.05451713395638629 0.01774240654205606 0.021806853582554516
0 0.7234959112149533 0.3348909657320872 0.02759929906542055 0.015576323987538956
0 0.7047678154205608 0.6238317757009346 0.025627920560747697 0.026479750778816254
0 0.05027015186915888 0.23286604361370716 0.029570677570093466 0.029595015576324
0 0.1606673481308411 0.3839563862928349 0.02168516355140188 0.017133956386292795
0 0.24149386682242968 0.5856697819314639 0.01774240654205609 0.01869158878504655
0 0.1862952686915888 0.6861370716510904 0.025627920560747666 0.023364485981308292
0 0.8950058411214954 0.6300623052959502 0.019713785046728986 0.023364485981308362
0 0.8881060163551402 0.6830218068535825 0.0216851635514017 0.010903426791277156
0 0.8900773948598132 0.7577881619937695 0.009856892523364564 0.010903426791277298
0 0.6623831775700936 0.7398753894080997 0.01577102803738313 0.015576323987538956
0 0.1655957943925234 0.7858255451713396 0.01577102803738317 0.010903426791277298
0 0.7786945093457943 0.4680685358255452 0.01577102803738313 0.017133956386292795
0 0.5638142523364487 0.41900311526479755 0.011828271028037421 0.009345794392523388
0 0.6880110981308412 0.40654205607476634 0.019713785046728986 0.018691588785046776
0 0.8102365654205608 0.573208722741433 0.019713785046728986 0.012461059190031137
0 0.5462444425444596 0.746922024623803 0.012119528043775673 0.010943912448700388
