0 0.11730919003115264 0.7297507788161994 0.06327881619937693 0.051401869158878524
0 0.1182827102803738 0.4439252336448598 0.028232087227414323 0.043613707165109046
0 0.17523364485981308 0.4524922118380063 0.025311526479750768 0.057632398753894094
0 0.23121105919003113 0.45950155763239886 0.0243380062305296 0.03738317757009341
0 0.28475467289719625 0.8255451713395638 0.0243380062305296 0.05295950155763236
0 0.3465732087227414 0.9431464174454828 0.03894080996884739 0.06074766355140199
0 0.466316199376947 0.8099688473520249 0.040887850467289724 0.07476635514018697
0 0.7544781931464173 0.5529595015576324 0.029205607476635576 0.04049844236760123
0 0.8932048286604362 0.31542056074766356 0.02044392523364493 0.03271028037383182
0 0.9258177570093458 0.8450155763239876 0.019470404984423623 0.03582554517133957
0 0.553446261682243 0.15342679127725856 0.034073208722741485 0.04205607476635514
0 0.574863707165109 0.22741433021806848 0.030179127725856746 0.04361370716510901
0 0.12071651090342678 0.13006230529595014 0.0233644859813084 0.029595015576323984
0 0.0963785046728972 0.2546728971962617 0.03309968847352025 0.04517133956386292
0 0.8727609034267912 0.9587227414330218 0.018496884735202456 0.03271028037383175
0 0.7671339563862928 0.08566978193146417 0.023364485981308577 0.04049844236760126
0 0.7836838006230529 0.27414330218068533 0.02141744548286596 0.021806853582554523
0 0.4244548286604361 0.25311526479750773 0.025311526479750768 0.05763239875389406
