0 0.08142634623943035 0.752336448598131 0.028609256786826867 0.043613707165109046
0 0.17275589675122385 0.8006230529595015 0.02420783266577658 0.031152647975077913
0 0.18651034712950598 0.9213395638629284 0.020906764574988905 0.032710280373831606
0 0.27343847352024914 0.8021806853582555 0.027508900756564324 0.024922118380062273
0 0.34001001335113484 0.6573208722741433 0.019806408544726324 0.028037383177570093
0 0.4384918780596351 0.6199376947040498 0.027508900756564286 0.043613707165109046
0 0.48745772140631954 0.6588785046728972 0.028609256786826905 0.03426791277258573
0 0.2140192478860703 0.4042056074766354 0.040713173119715194 0.04205607476635514
0 0.18761070315976858 0.3255451713395639 0.020906764574988836 0.028037383177570128
0 0.22117156208277705 0.22352024922118383 0.028609256786826867 0.026479750778816216
0 0.37632176234979975 0.3302180685358255 0.030809968847351998 0.03738317757009344
0 0.4472947263017356 0.16978193146417447 0.03191032487761461 0.03426791277258568
0 0.4241872496662216 0.02258566978193146 0.023107476635514032 0.04205607476635514
0 0.6079467067200712 0.3925233644859813 0.027508900756564286 0.04672897196261687
0 0.5243196484201157 0.3995327102803738 0.02090676457498894 0.029595015576324
0 0.4456441922563418 0.4306853582554517 0.028609256786826905 0.03271028037383175
0 0.5628321094793057 0.46651090342679125 0.02310747663551389 0.02647975077881618
0 0.5166171562082776 0.6214953271028036 0.023107476635514032 0.04049844236760123
0 0.3889758566978193 0.6129283489096573 0.023107476635514032 0.026479750778816112
0 0.4472947263017356 0.47118380062305293 0.023107476635514032 0.03271028037383182
0 0.5336726746773475 0.49143302180685355 0.01760569648420123 0.020249221183800542
0 0.8813851802403204 0.8777258566978193 0.03301068090787723 0.045171339563862885
0 0.7658477970627503 0.9602803738317758 0.022007120605251486 0.03271028037383189
0 0.4951602136181569 0.5007788161993768 0.2970961281708937 0.39096573208722774
0 0.2497808188696039 0.542834890965732 0.02200712060525145 0.020249221183800684
0 0.6481097018246551 0.4096573208722741 0.02420783266577651 0.03738317757009348
0 0.8544264574988872 0.3457943925233644 0.01430462839341331 0.024922118380062343
0 0.6970755451713395 0.514018691588785 0.012103916332888218 0.024922118380062273
0 0.9496072541165997 0.7048286604361371 0.022007120605251344 0.03271028037383175
0 0.7262349799732977 0.7328660436137072 0.017605696484201162 0.026479750778816254
0 0.9760157988429016 0.40732087227414326 0.01540498442367607 0.02647975077881618
0 0.3202036048064085 0.5358255451713395 0.015404984423675962 0.024922118380062273
0 0.05886904761904762 0.4306853582554517 0.018706052514463743 0.02647975077881618
0 0.12379005340453939 0.12149532710280372 0.016505340453938578 0.031152647975077857
0 0.5589808633733867 0.9400311526479751 0.013204272363150906 0.026479750778816112
0 0.625002225189141 0.8450155763239876 0.01760569648420109 0.029595015576323932
