0 0.7091705607476635 0.942367601246106 0.14100467289719634 0.1152647975077877
0 0.7748345015576326 0.9844236760124611 0.034559968847352 0.031152647975077913
0 0.5467387071651091 0.7733644859813085 0.06220794392523366 0.045171339563862885
0 0.4534267912772586 0.8730529595015577 0.09400311526479754 0.12928348909657317
0 0.44513239875389404 0.7577881619937695 0.11335669781931465 0.11370716510903435
0 0.14307827102803738 0.48442367601246106 0.06220794392523365 0.07165109034267907
0 0.886808800623053 0.33566978193146413 0.0566783489096575 0.07009345794392523
0 0.940722352024922 0.40031152647975077 0.034559968847352 0.059190031152648
0 0.9824571651090344 0.36604361370716504 0.03508566978193144 0.0467289719626168
0 0.8501752336448598 0.11993769470404984 0.04147196261682239 0.046728971962616814
0 0.938648753894081 0.038940809968847356 0.04147196261682239 0.04672897196261682
0 0.4050428348909658 0.4548286604361371 0.04147196261682239 0.0467289719626168
0 0.6511098130841121 0.5 0.04147196261682239 0.0467289719626168
0 0.6262266355140187 0.45950155763239875 0.04147196261682239 0.0467289719626168
0 0.6428154205607477 0.6526479750778816 0.04147196261682247 0.04672897196261687
0 0.5446651090342679 0.7040498442367601 0.04147196261682239 0.04672897196261687
0 0.2156542056074767 0.7679127725856698 0.04147196261682243 0.04672897196261687
0 0.28892133956386296 0.8271028037383178 0.04147196261682243 0.04672897196261687
0 0.38015965732087226 0.8956386292834891 0.04147196261682239 0.04672897196261687
0 0.2640381619937695 0.8956386292834891 0.04147196261682243 0.04672897196261687
0 0.2529789719626168 0.9875389408099688 0.04147196261682243 0.024922118380062273
0 0.09815031152647975 0.9236760124610592 0.04147196261682243 0.04672897196261687
0 0.3110397196261682 0.7305295950155763 0.04147196261682239 0.04672897196261687
0 0.2253309968847352 0.3099688473520249 0.04147196261682243 0.0467289719626168
0 0.14238707165109035 0.27414330218068533 0.04147196261682243 0.046728971962616835
0 0.3317757009345794 0.10436137071651092 0.04147196261682243 0.046728971962616835
0 0.19768302180685354 0.03426791277258567 0.04147196261682243 0.04672897196261682
0 0.18109423676012462 0.0264797507788162 0.04147196261682243 0.04672897196261682
0 0.3773948598130842 0.057632398753894074 0.04147196261682247 0.046728971962616835
0 0.6303738317757009 0.056074766355140186 0.04147196261682239 0.046728971962616835
0 0.7036409657320872 0.3691588785046729 0.04147196261682239 0.0467289719626168
0 0.786584890965732 0.38006230529595014 0.04147196261682239 0.0467289719626168
0 0.7561721183800623 0.4330218068535825 0.04147196261682239 0.0467289719626168
0 0.8695288161993769 0.5560747663551402 0.04147196261682239 0.0467289719626168
0 0.5349883177570094 0.6277258566978193 0.04147196261682247 0.0467289719626168
0 0.4161020249221184 0.6448598130841122 0.04147196261682239 0.04672897196261687
0 0.306892523364486 0.6386292834890965 0.03870716510903424 0.03115264797507784
0 0.1963006230529595 0.5451713395638628 0.04147196261682243 0.0467289719626168
0 0.2115070093457944 0.5965732087227414 0.04147196261682243 0.0467289719626168
0 0.18247663551401871 0.646417445482866 0.04147196261682243 0.0467289719626168
0 0.15482866043613708 0.6105919003115264 0.04147196261682245 0.04672897196261687
0 0.06773753894080997 0.6651090342679127 0.04147196261682243 0.04672897196261687
0 0.09262071651090344 0.7554517133956387 0.04147196261682242 0.04672897196261687
0 0.1838590342679128 0.7834890965732088 0.04147196261682243 0.04672897196261687
0 0.03179517133956386 0.8738317757009345 0.04147196261682243 0.04672897196261687
0 0.006911993769470406 0.9244548286604362 0.013823987538940812 0.03582554517133957
0 0.10990070093457945 0.176791277258567 0.023500778816199386 0.03582554517133959
0 0.16934384735202493 0.19626168224299065 0.026265576323987537 0.031152647975077913
0 0.22394859813084111 0.22975077881619937 0.027647975077881633 0.026479750778816216
0 0.21288940809968848 0.2601246105919003 0.03594236760124609 0.028037383177570055
0 0.33246690031152654 0.19470404984423673 0.031795171339563846 0.040498442367601264
0 0.3974396417445483 0.2850467289719626 0.026265576323987502 0.040498442367601264
0 0.5391355140186916 0.3060747663551402 0.02211838006230522 0.029595015576323967
0 0.5999610591900313 0.3901869158878505 0.027647975077881668 0.029595015576323932
0 0.6766841900311528 0.441588785046729 0.04285436137071656 0.03271028037383182
0 0.7354361370716512 0.4805295950155763 0.03870716510903421 0.03271028037383175
0 0.5826810747663552 0.5093457943925234 0.023500778816199386 0.018691588785046703
0 0.6124026479750779 0.5475077881619937 0.02488317757009348 0.03271028037383168
0 0.8550136292834891 0.45560747663551404 0.03732476635514018 0.023364485981308435
0 0.9303543613707166 0.5124610591900312 0.019353582554517176 0.04049844236760123
0 0.8169976635514018 0.3551401869158879 0.013823987538940657 0.03115264797507784
0 0.7575545171339564 0.29906542056074764 0.013823987538940798 0.031152647975077875
0 0.7845112928348911 0.2609034267912772 0.026265576323987575 0.020249221183800615
0 0.7209209501557632 0.24299065420560748 0.03179517133956395 0.018691588785046703
0 0.7271417445482866 0.22429906542056074 0.033177570093457974 0.031152647975077875
0 0.6303738317757009 0.1923676012461059 0.02211838006230522 0.020249221183800615
0 0.597196261682243 0.1705607476635514 0.022118380062305293 0.026479750778816216
0 0.528076323987539 0.13629283489096572 0.019353582554517176 0.029595015576323984
0 0.458956386292835 0.3302180685358255 0.022118380062305293 0.03738317757009344
0 0.34698208722741436 0.5147975077881619 0.02488317757009341 0.03582554517133957
0 0.33384929906542055 0.5451713395638629 0.020735981308411196 0.03738317757009348
0 0.37393886292834894 0.8185358255451715 0.02903037383177569 0.03894080996884739
0 0.5577978971962616 0.899532710280374 0.03179517133956388 0.03894080996884739
0 0.6352122274143303 0.9057632398753894 0.04561915887850461 0.038940809968847245
0 0.64696261682243 0.7975077881619939 0.02211838006230522 0.03426791277258573
0 0.47554517133956387 0.6526479750778816 0.033177570093457974 0.03115264797507784
0 0.33868769470404986 0.34890965732087226 0.02488317757009348 0.043613707165109046
0 0.07879672897196262 0.4532710280373831 0.030412772585669778 0.05295950155763243
0 0.0988415109034268 0.7188473520249221 0.03455996884735201 0.038940809968847245
