0 0.3043873312564901 0.7718068535825544 0.01687435098650051 0.029595015576324137
0 0.504932502596054 0.7959501557632399 0.020768431983385228 0.021806853582554596
0 0.7651869158878505 0.749221183800623 0.019470404984423623 0.03115264797507777
0 0.2037902388369678 0.34890965732087226 0.01817237798546209 0.012461059190031137
0 0.21352544132917964 0.3660436137071651 0.016874350986500523 0.015576323987538956
0 0.14927310488058151 0.542834890965732 0.01817237798546209 0.020249221183800684
0 0.43613707165109034 0.17133956386292834 0.010384215991692614 0.018691588785046703
0 0.6989875389408101 0.049844236760124616 0.016874350986500558 0.01869158878504673
0 0.908618899273105 0.18457943925233644 0.015576323987538814 0.02024922118380065
0 0.944963655244029 0.28971962616822433 0.015576323987538956 0.024922118380062308
0 0.8956386292834893 0.366822429906542 0.010384215991692685 0.023364485981308435
0 0.9663811007268951 0.35514018691588783 0.011682242990654004 0.015576323987538956
0 0.563343717549325 0.4883177570093459 0.01298026998961575 0.014018691588785047
0 0.5192107995846313 0.46417445482866043 0.010384215991692543 0.015576323987538956
0 0.5231048805815162 0.43769470404984423 0.012980269989615892 0.015576323987538956
0 0.4601505711318795 0.35825545171339557 0.01687435098650049 0.021806853582554523
0 0.39005711318795433 0.6993769470404985 0.019470404984423623 0.015576323987538956
0 0.7755711318795432 0.8987538940809969 0.011682242990654146 0.018691588785046634
0 0.0480269989615784 0.8862928348909658 0.012980269989615784 0.018691588785046634
0 0.1018951194184839 0.26869158878504673 0.011682242990654217 0.023364485981308435
0 0.13434579439252337 0.037383177570093455 0.016874350986500523 0.01869158878504673
