0 0.6675786593707251 0.5807113543091655 0.05471956224350208 0.06429548563611491
0 0.6121751025991792 0.42407660738714087 0.06429548563611483 0.07113543091655267
0 0.5704514363885089 0.2660738714090287 0.04377564979480162 0.04514363885088919
0 0.493844049247606 0.03419972640218878 0.07113543091655267 0.06839945280437756
0 0.36593707250341995 0.08139534883720931 0.03967168262653906 0.04240766073871409
0 0.9822161422708617 0.10054719562243503 0.0355677154582763 0.05061559507523939
0 0.8303693570451436 0.48290013679890564 0.03830369357045129 0.04651162790697676
0 0.48358413132694933 0.45896032831737343 0.0341997264021888 0.04514363885088919
0 0.35294117647058826 0.4459644322845417 0.043775649794801696 0.03830369357045143
0 0.1436388508891929 0.6238030095759234 0.04924760601915183 0.04103967168262642
0 0.35772913816689467 0.8693570451436389 0.042407660738714055 0.050615595075239384
