0 0.06997569718124835 0.9688473520249221 0.019993056337499534 0.03738317757009341
0 0.09073771722403633 0.8084112149532711 0.033834403032691515 0.021806853582554596
0 0.4406162031302781 0.5981308411214953 0.056903314191344805 0.03738317757009348
0 0.41139558232931717 0.5124610591900312 0.032296475622114615 0.03738317757009348
0 0.9389046841571893 0.5763239875389408 0.023068911158653407 0.024922118380062273
0 0.9289081559884397 0.6214953271028036 0.04306196749615282 0.04049844236760123
0 0.9596667041999773 0.6775700934579438 0.0338344030326914 0.03426791277258559
0 0.7735774875201742 0.2546728971962617 0.0399861126749991 0.03894080996884732
0 0.38217496152835634 0.2881619937694704 0.04152404008557603 0.034267912772585694
0 0.2991268813572045 0.2507788161993769 0.05075160454903729 0.05295950155763236
0 0.06766880606538303 0.13161993769470404 0.04613782231730661 0.04205607476635514
0 0.02691372968509552 0.17133956386292834 0.026144765979807083 0.03738317757009346
0 0.021530983748076417 0.2585669781931464 0.043061967496152834 0.04361370716510901
0 0.4944436625004691 0.03894080996884735 0.04152404008557589 0.040498442367601244
0 0.7143672822129639 0.07788161993769471 0.026144765979806976 0.0280373831775701
0 0.8789255151446909 0.21417445482866043 0.05690331419134495 0.060747663551401876
0 0.9412115752730549 0.2398753894080997 0.04306196749615282 0.04984423676012458
0 0.47675749727883493 0.8006230529595016 0.02153098374807643 0.021806853582554613
0 0.4898298802687385 0.8138629283489095 0.023068911158653334 0.023364485981308577
0 0.7082155725706565 0.9127725856697819 0.035372330443268395 0.018691588785046634
0 0.6620777502533498 0.9361370716510904 0.026144765979807118 0.021806853582554596
0 0.9512081034418045 0.9065420560747662 0.013841346695191986 0.018691588785046776
0 0.889691007018729 0.9478193146417445 0.019993056337499412 0.020249221183800757
0 0.08458600758172878 0.8933021806853583 0.027682693390383973 0.023364485981308577
0 0.24606838569230188 0.5366043613707165 0.030758548211537756 0.017133956386292795
0 0.1168824832038434 0.4127725856697819 0.03075854821153772 0.021806853582554523
0 0.5198194647749879 0.2632398753894081 0.027682693390384046 0.021806853582554523
0 0.6144020005254663 0.3130841121495327 0.02614476597980705 0.031152647975077875
0 0.7112914273918102 0.3917445482866044 0.03844818526442225 0.03271028037383175
0 0.7489706489509439 0.39875389408099693 0.03383440303269168 0.03738317757009348
0 0.7789602334571932 0.735981308411215 0.026144765979806976 0.023364485981308435
0 0.6074813271778703 0.8769470404984423 0.015379274105768915 0.028037383177570093
0 0.17070994257403446 0.9003115264797508 0.027682693390383973 0.018691588785046634
0 0.30374066358893514 0.41043613707165105 0.023068911158653265 0.029595015576323932
0 0.39063356228652923 0.6074766355140186 0.018455128926922627 0.024922118380062273
0 0.8996875351874788 0.6596573208722742 0.027682693390383973 0.023364485981308435
0 0.4898298802687384 0.38862928348909653 0.02922062080096076 0.023364485981308435
