0 0.7701557632398753 0.8660436137071652 0.023426791277258587 0.021806853582554596
0 0.8726479750778816 0.881619937694704 0.01757009345794387 0.012461059190031137
0 0.8645950155763239 0.9579439252336448 0.01610591900311533 0.018691588785046776
0 0.6464330218068536 0.9462616822429908 0.01903426791277262 0.026479750778816112
0 0.35359813084112146 0.9431464174454828 0.024890965732087197 0.023364485981308435
0 0.006588785046728971 0.6575804737126717 0.013177570093457942 0.031671850852134614
0 0.12152647975077882 0.6682242990654206 0.00878504672897197 0.015576323987538956
0 0.0702803738317757 0.41900311526479755 0.011713395638629276 0.018691588785046703
0 0.18814641744548286 0.5163551401869158 0.010249221183800615 0.020249221183800542
0 0.2079127725856698 0.5638629283489096 0.011713395638629293 0.018691588785046703
0 0.316993769470405 0.6285046728971962 0.013177570093457937 0.023364485981308435
0 0.2672118380062305 0.6978193146417445 0.013177570093457937 0.018691588785046776
0 0.4941588785046729 0.7149532710280374 0.01610591900311519 0.015576323987538814
0 0.394595015576324 0.7211838006230529 0.013177570093457974 0.015576323987538956
0 0.7686915887850466 0.7445482866043613 0.014641744548286652 0.012461059190031279
0 0.6676635514018691 0.8730529595015577 0.014641744548286652 0.017133956386292795
0 0.7269626168224299 0.9524922118380063 0.013177570093457975 0.020249221183800615
0 0.7496573208722742 0.9579439252336448 0.014641744548286652 0.015576323987538814
0 0.8558099688473519 0.5467289719626168 0.01610591900311533 0.015576323987538956
0 0.7869937694704049 0.5560747663551402 0.01610591900311533 0.021806853582554523
0 0.7298909657320872 0.6253894080996885 0.013177570093457974 0.02647975077881618
0 0.4597507788161994 0.5638629283489095 0.01757009345794394 0.021806853582554523
0 0.4692679127725856 0.5950155763239875 0.01610591900311526 0.018691588785046776
0 0.19034267912772584 0.6222741433021807 0.01757009345794394 0.026479750778816112
0 0.13250778816199377 0.6277258566978192 0.013177570093457937 0.015576323987538956
0 0.034408099688473526 0.33255451713395634 0.019034267912772587 0.020249221183800615
0 0.12445482866043613 0.35591900311526475 0.0146417445482866 0.014018691588785047
0 0.27526479750778815 0.24844236760124608 0.014641744548286581 0.020249221183800615
0 0.3118691588785047 0.27258566978193144 0.020498442367601264 0.015576323987538956
0 0.4202180685358256 0.3457943925233644 0.014641744548286581 0.018691588785046703
0 0.7306230529595016 0.024143302180685354 0.01464174454828651 0.023364485981308407
0 0.8521495327102804 0.10825545171339562 0.011713395638629293 0.017133956386292847
0 0.7584423676012461 0.881619937694704 0.011713395638629293 0.012461059190031137
0 0.09517133956386292 0.9641744548286604 0.00878504672897197 0.009345794392523317
0 0.04099688473520249 0.9236760124610592 0.011713395638629281 0.009345794392523317
0 0.5095327102803737 0.19003115264797507 0.014641744548286652 0.015576323987538956
0 0.5036760124610592 0.037383177570093455 0.01757009345794387 0.015576323987538934
0 0.5959190031152647 0.052180685358255444 0.014641744548286581 0.014018691588785055
0 0.9692834890965734 0.014018691588785047 0.01757009345794401 0.015576323987538937
0 0.5073364485981309 0.8364485981308412 0.01610591900311526 0.015576323987538956
0 0.027819314641744544 0.8169781931464175 0.014641744548286604 0.014018691588785118
0 0.07906542056074767 0.8411214953271029 0.011713395638629293 0.015576323987538956
0 0.28624610591900307 0.7904984423676013 0.013177570093457937 0.017133956386292937
0 0.34334890965732084 0.7772585669781931 0.01903426791277255 0.015576323987538956
0 0.2232866043613707 0.7593457943925234 0.013177570093457937 0.007788161993769478
0 0.17057632398753897 0.7165109034267912 0.016105919003115227 0.018691588785046634
0 0.06515576323987539 0.6370716510903427 0.013177570093457937 0.015576323987538956
0 0.006588785046728972 0.9402907540865033 0.013177570093457944 0.010384223914220883
0 0.05271028037383177 0.956386292834891 0.011713395638629285 0.018691588785046634
0 0.25257009345794396 0.9945482866043613 0.01610591900311526 0.010903426791277156
0 0.4707320872274143 0.8870716510903427 0.01903426791277262 0.020249221183800473
0 0.5080685358255451 0.9618380062305296 0.014641744548286652 0.017133956386292937
0 0.9670872274143302 0.9906542056074766 0.01903426791277269 0.018691588785046776
0 0.4136292834890966 0.1059190031152648 0.013177570093457902 0.01869158878504672
0 0.3755607476635514 0.07476635514018691 0.01610591900311519 0.015576323987538948
0 0.2232866043613707 0.3387850467289719 0.01903426791277255 0.010903426791277298
0 0.16398753894080997 0.32710280373831774 0.017570093457943924 0.01869158878504674
0 0.027819314641744544 0.35046728971962615 0.020498442367601247 0.015576323987538956
0 0.22255451713395635 0.19470404984423673 0.017570093457943903 0.02180685358255449
0 0.6640031152647975 0.5015576323987538 0.013177570093457974 0.0249221183800622
0 0.6735202492211837 0.33956386292834895 0.01757009345794401 0.015576323987538885
0 0.6083644859813083 0.20872274143302177 0.01903426791277255 0.024922118380062308
0 0.5329595015576324 0.12149532710280372 0.01757009345794394 0.01869158878504672
0 0.7701557632398753 0.07165109034267912 0.01757009345794387 0.015576323987538937
0 0.8587383177570093 0.04517133956386292 0.01903426791277255 0.015576323987538948
0 0.8623987538940809 0.05841121495327102 0.01464174454828651 0.01713395638629283
0 0.8858255451713396 0.3551401869158879 0.01464174454828651 0.024922118380062343
0 0.7218380062305296 0.4439252336448598 0.02049844236760123 0.028037383177570093
0 0.638380062305296 0.42679127725856697 0.01757009345794394 0.012461059190031137
0 0.3455451713395638 0.9205607476635513 0.01757009345794394 0.015576323987538956
0 0.4363239875389408 0.9688473520249221 0.01757009345794387 0.021806853582554454
0 0.2869781931464174 0.956386292834891 0.017570093457943903 0.018691588785046634
0 0.5776168224299065 0.9961059190031153 0.027819314641744485 0.007788161993769478
0 0.6347196261682243 0.6222741433021807 0.01610591900311519 0.026479750778816112
0 0.3426168224299066 0.30295950155763235 0.01757009345794394 0.014018691588785047
0 0.2518380062305296 0.279595015576324 0.01757009345794394 0.017133956386292865
0 0.09297507788161993 0.2017133956386293 0.019034267912772584 0.01713395638629283
0 0.37190031152647973 0.22274143302180682 0.01757009345794394 0.009345794392523352
0 0.5798130841121495 0.7227414330218067 0.01757009345794394 0.018691588785046776
0 0.5812772585669781 0.7811526479750779 0.026355140186915805 0.026479750778816112
0 0.5314953271028037 0.782710280373832 0.011713395638629364 0.010903426791277156
0 0.3016199376947041 0.9026479750778816 0.017570093457943976 0.014018691588784975
0 0.3052803738317757 0.9299065420560747 0.010249221183800686 0.015576323987538956
0 0.4158255451713396 0.6051401869158878 0.014641744548286652 0.014018691588785118
0 0.4392523364485982 0.19314641744548286 0.01757009345794394 0.018691588785046703
0 0.6149532710280373 0.17990654205607476 0.01757009345794401 0.01713395638629283
0 0.7606386292834891 0.15654205607476634 0.01610591900311533 0.020249221183800615
0 0.8389719626168224 0.5218068535825545 0.01757009345794387 0.021806853582554596
0 0.13690031152647975 0.9228971962616822 0.016105919003115244 0.017133956386292795
0 0.08419003115264796 0.9197819314641745 0.013177570093457928 0.017133956386292795
0 0.14641744548286603 0.9922118380062305 0.0146417445482866 0.015576323987538956
0 0.04831775700934579 0.9820872274143304 0.0146417445482866 0.014018691588785118
0 0.13909657320872273 0.5560747663551401 0.008785046728971952 0.015576323987538956
0 0.18961059190031151 0.5545171339563862 0.013177570093457937 0.012461059190031208
0 0.3784890965732087 0.5124610591900312 0.01610591900311526 0.015576323987538885
0 0.16398753894080997 0.425233644859813 0.017570093457943924 0.015576323987538885
0 0.22621495327102803 0.440809968847352 0.013177570093457902 0.015576323987538956
0 0.28258566978193145 0.4719626168224299 0.017570093457943903 0.021806853582554523
0 0.3455451713395638 0.18847352024922118 0.01757009345794394 0.01869158878504674
0 0.46707165109034265 0.10280373831775702 0.011713395638629293 0.012461059190031154
