0 0.7744974874371858 0.4346733668341709 0.0358040201005025 0.04857621440536008
0 0.6275125628140702 0.5644891122278057 0.030150753768844255 0.050251256281406996
0 0.14557160804020097 0.5351758793969849 0.025439698492462293 0.038525963149078774
0 0.20445979899497488 0.5385259631490787 0.04711055276381909 0.06197654941373529
0 0.3585113065326632 0.9472361809045227 0.03297738693467331 0.05862646566164159
0 0.6063128140703518 0.35929648241206025 0.03297738693467331 0.05192629815745398
0 0.5681532663316582 0.1641541038525963 0.032035175879397 0.04690117252931321
0 0.9857097989949747 0.12171970539955637 0.028580402010050392 0.04913455317767223
0 0.08574120603015074 0.39195979899497485 0.03203517587939698 0.04690117252931316
0 0.1705402010050251 0.23366834170854267 0.02449748743718594 0.04522613065326635
0 0.9629396984924622 0.765494137353434 0.02449748743718587 0.05695142378559453
