0 0.4478449043168669 0.17367601246105915 0.022007120605251486 0.029595015576323984
0 0.567233533600356 0.4766355140186916 0.016505340453938616 0.028037383177570093
0 0.4379417000445038 0.6207165109034267 0.017605696484201162 0.026479750778816254
0 0.5204684023141967 0.631619937694704 0.01980640854472625 0.03271028037383175
0 0.4604989986648864 0.5327102803738317 0.009903204272363197 0.018691588785046703
0 0.5254200044503783 0.40420560747663553 0.007702492211838035 0.023364485981308435
0 0.47755451713395636 0.44314641744548283 0.006602136181575418 0.017133956386292865
0 0.5039630618602581 0.48442367601246106 0.008802848242100581 0.015576323987538956
0 0.5375239207832666 0.514018691588785 0.0055017801513128715 0.009345794392523317
0 0.5567801513128616 0.5264797507788161 0.008802848242100652 0.012461059190031208
0 0.5369737427681353 0.5545171339563862 0.011003560302625743 0.018691588785046703
0 0.497911103693814 0.514018691588785 0.009903204272363055 0.018691588785046703
0 0.5078143079661771 0.544392523364486 0.007702492211838035 0.017133956386292937
0 0.4830562972852692 0.5630841121495327 0.011003560302625743 0.00467289719626173
0 0.5023125278148641 0.42133956386292837 0.0055017801513128715 0.017133956386292865
0 0.44949543836226075 0.4338006230529595 0.007702492211838035 0.020249221183800615
0 0.3774221183800623 0.33489096573208726 0.011003560302625743 0.021806853582554523
0 0.21677013796172673 0.40654205607476634 0.011003560302625743 0.015576323987538956
0 0.18596016911437474 0.3278816199376947 0.011003560302625708 0.01713395638629283
0 0.22447263017356478 0.22897196261682243 0.008802848242100616 0.015576323987538956
0 0.08142634623943035 0.75 0.017605696484201162 0.023364485981308577
0 0.17660714285714285 0.8084112149532711 0.009903204272363126 0.009345794392523317
0 0.18761070315976855 0.9213395638629284 0.01210391633288829 0.017133956386292937
0 0.2767395416110369 0.7998442367601245 0.012103916332888326 0.007788161993769478
0 0.8846862483311082 0.8785046728971964 0.01540498442367607 0.024922118380062416
0 0.9501574321317312 0.7095015576323987 0.007702492211837893 0.017133956386292937
0 0.6128983088562527 0.3948598130841121 0.011003560302625743 0.017133956386292865
0 0.6448086337338674 0.4338006230529595 0.008802848242100652 0.023364485981308435
0 0.423086893635959 0.025700934579439248 0.014304628393413453 0.023364485981308407
0 0.5078143079661771 0.11214953271028037 0.009903204272363268 0.021806853582554523
0 0.49956163773920786 0.21728971962616825 0.013204272363150835 0.01713395638629283
0 0.9551090342679127 0.8566978193146417 0.013204272363150835 0.012461059190031279
0 0.9452058299955496 0.956386292834891 0.011003560302625743 0.015576323987538956
0 0.7647474410324878 0.9633956386292835 0.011003560302625743 0.017133956386292795
0 0.5589808633733867 0.9454828660436136 0.008802848242100581 0.015576323987538956
0 0.33945983533600355 0.6627725856697819 0.014304628393413453 0.017133956386292937
0 0.2541822429906542 0.544392523364486 0.011003560302625672 0.014018691588784975
0 0.8560769915442813 0.3434579439252336 0.013204272363150693 0.010903426791277227
0 0.7658477970627503 0.2757009345794392 0.013204272363150835 0.021806853582554523
0 0.4197858255451713 0.3138629283489096 0.007702492211838035 0.023364485981308362
0 0.5925417222963951 0.5537383177570093 0.009903204272363126 0.014018691588785047
0 0.7317367601246104 0.7289719626168224 0.011003560302625743 0.015576323987538956
0 0.5886904761904762 0.6456386292834891 0.011003560302625743 0.014018691588785047
0 0.5166171562082776 0.6978193146417445 0.014304628393413524 0.021806853582554454
0 0.6948748331108143 0.5046728971962616 0.014304628393413595 0.012461059190031137
0 0.5144164441477526 0.4447040498442368 0.007702492211838035 0.017133956386292865
0 0.0555679795282599 0.42912772585669784 0.009903204272363145 0.014018691588785047
0 0.9760157988429016 0.40809968847352024 0.008802848242100652 0.009345794392523317
