0 0.09974920200638396 0.7818057455540355 0.0786593707250342 0.09986320109439134
0 0.2724578203374373 0.7633378932968536 0.06839945280437754 0.08207934336525312
0 0.07010943912448701 0.5075239398084815 0.0535795713634291 0.0738714090287278
0 0.2810077519379845 0.12243502051983585 0.06269949840401275 0.053351573187414514
0 0.3437072503419973 0.8105335157318742 0.037619699042407716 0.04514363885088926
0 0.35966712266301876 0.6716826265389877 0.05585955312357498 0.05198358413132695
0 0.31919744642042863 0.7051983584131327 0.03875968992248062 0.05608755129958965
0 0.2057683538531692 0.6833105335157319 0.03989968080255359 0.053351573187414514
0 0.2753077975376197 0.9582763337893297 0.04901960784313726 0.06155950752393977
0 0.09518923848609212 0.9692202462380299 0.05585955312357502 0.05608755129958965
0 0.9080027359781123 0.9787961696306431 0.037619699042407716 0.042407660738713986
0 0.8766529867761059 0.573187414500684 0.038759689922480474 0.04924760601915182
0 0.8424532603739172 0.43091655266757867 0.04331965344277236 0.05471956224350208
0 0.6891244870041041 0.3447332421340629 0.08093935248518022 0.07934336525307799
0 0.5449156406748746 0.3789329685362517 0.059279525763793896 0.06566347469220248
0 0.5509952774104303 0.5241298885124425 0.04331965344277232 0.05608755129958975
0 0.6509347925216599 0.539671682626539 0.03875968992248069 0.028727770177838535
0 0.8310533515731875 0.6819425444596443 0.03419972640218873 0.05335157318741466
0 0.4981760145918833 0.5136798905608755 0.02735978112175104 0.036935704514363864
0 0.521545827633379 0.24623803009575923 0.03989968080255359 0.041039671682626525
0 0.6526447788417693 0.16484268125854992 0.030779753761969886 0.03967168262653898
0 0.3602371181030552 0.14911080711354308 0.03419972640218887 0.03830369357045141
0 0.18410852713178297 0.20314637482900139 0.03989968080255359 0.0369357045143639
0 0.12311901504787962 0.2920656634746922 0.027359781121751022 0.025991792065663474
0 0.13679890560875513 0.11969904240766073 0.03419972640218878 0.0478796169630643
0 0.07694938440492477 0.1381668946648427 0.035339717282261734 0.04377564979480166
0 0.02507979936160511 0.19083447332421344 0.029639762881896948 0.03967168262653896
0 0.5779753761969905 0.7667578659370724 0.02735978112175097 0.028727770177838608
0 0.6845645234838122 0.7510259917920656 0.028499772001823943 0.038303693570451575
0 0.9724122207022344 0.8844049247606018 0.027359781121751182 0.04240766073871413
0 0.8122435020519836 0.9110807113543092 0.037619699042407716 0.043775649794801696
0 0.5597355221158231 0.8317373461012312 0.03647970816233474 0.05198358413132695
0 0.5420656634746923 0.7305061559507524 0.028499772001823943 0.04377564979480155
0 0.5888052895576836 0.6436388508891929 0.03305973552211583 0.0424076607387142
0 0.3984268125854993 0.47674418604651164 0.03989968080255359 0.04514363885088919
0 0.17270861833105336 0.548563611491108 0.03305973552211583 0.04103967168262656
0 0.011399908800729594 0.5533515731874145 0.022799817601459188 0.036935704514363864
0 0.09005927952576379 0.6819425444596444 0.018239854081167354 0.025991792065663474
0 0.942202462380301 0.3119015047879617 0.03989968080255352 0.04651162790697672
