0 0.5646105919003115 0.3714953271028037 0.03068535825545176 0.020249221183800684
0 0.5116783489096574 0.3263239875389408 0.026082554517133972 0.023364485981308435
0 0.6436253894080997 0.2819314641744548 0.0260825545171339 0.040498442367601264
0 0.6091043613707164 0.36838006230529596 0.027616822429906592 0.029595015576323932
0 0.6582009345794393 0.3574766355140187 0.033753894080996785 0.03894080996884732
0 0.7226401869158878 0.37227414330218067 0.03375389408099693 0.028037383177570093
0 0.6252141744548286 0.47741433021806856 0.016876947040498465 0.020249221183800615
0 0.6351869158878505 0.5350467289719626 0.036822429906542026 0.045171339563862885
0 0.6413239875389405 0.3566978193146413 0.21786604361370646 0.20560747663551482
0 0.39353971962616824 0.18769470404984426 0.035288161993769405 0.03582554517133953
0 0.3467445482866044 0.4618380062305296 0.039890965732087266 0.026479750778816254
0 0.6075700934579439 0.7593457943925234 0.036822429906542026 0.03271028037383175
0 0.9727258566978193 0.6487538940809969 0.036822429906542026 0.06074766355140191
0 0.2255373831775701 0.9197819314641745 0.039890965732087266 0.04205607476635507
0 0.28230529595015574 0.029595015576323987 0.03682242990654206 0.04672897196261682
0 0.4802258566978193 0.18457943925233644 0.03375389408099693 0.0233644859813084
0 0.25085280373831775 0.3551401869158879 0.035288161993769475 0.03115264797507784
0 0.08438473520249222 0.24922118380062305 0.033753894080996875 0.024922118380062273
0 0.07978193146417445 0.2982866043613707 0.02454828660436137 0.029595015576323967
0 0.4549104361370716 0.3387850467289719 0.02915109034267914 0.029595015576324
0 0.4925 0.40965732087227413 0.027616822429906592 0.028037383177570093
0 0.7533255451713395 0.9439252336448598 0.05523364485981304 0.049844236760124686
0 0.701927570093458 0.5934579439252337 0.02915109034267914 0.03738317757009341
0 0.5093769470404985 0.5716510903426791 0.036822429906541956 0.031152647975077913
0 0.3751285046728972 0.34968847352024923 0.02915109034267907 0.020249221183800615
0 0.4679517133956386 0.29283489096573206 0.0398909657320872 0.031152647975077875
