0 0.18516355140186916 0.8551401869158878 0.06658878504672901 0.09034267912772592
0 0.592873831775701 0.9034267912772586 0.03621495327102806 0.043613707165109046
0 0.7313084112149534 0.5249221183800623 0.051401869158878385 0.08411214953271028
0 0.7622663551401868 0.43224299065420557 0.03154205607476641 0.04205607476635521
0 0.9228971962616822 0.7258566978193147 0.046728971962616724 0.049844236760124686
0 0.4591121495327103 0.43224299065420557 0.03504672897196258 0.03582554517133957
0 0.25934579439252337 0.2219626168224299 0.03738317757009344 0.04517133956386296
0 0.06775700934579439 0.6074766355140186 0.025700934579439245 0.031152647975077913
0 0.5414719626168225 0.5101246105919003 0.033878504672897235 0.04205607476635514
0 0.6723130841121495 0.22352024922118377 0.029205607476635576 0.03582554517133957
0 0.4123831775700934 0.4781931464174455 0.030373831775700993 0.04049844236760123
