0 0.5537432766150175 0.8761682242990655 0.051547328993781685 0.0545171339563862
0 0.6240350888792651 0.7912772585669782 0.03905100681347079 0.05295950155763251
0 0.8880198949383283 0.5420560747663551 0.0515473289937816 0.04672897196261687
0 0.8700564318041317 0.48753894080996885 0.04686120817616512 0.024922118380062273
0 0.026554684633160214 0.21754932106469674 0.05310936926632043 0.05192107203593508
0 0.09216037607979134 0.5179127725856698 0.03436488599585439 0.04828660436137064
0 0.16948136957046372 0.3629283489096573 0.03905100681347088 0.028037383177570093
0 0.24992644360621377 0.02102803738317757 0.03124080545077671 0.03271028037383177
0 0.2592986852414468 0.10669781931464174 0.04061304708600971 0.054517133956386285
0 0.7544654516362579 0.07087227414330217 0.03436488599585445 0.0264797507788162
0 0.5131302295290077 0.3629283489096573 0.029678765178237896 0.04049844236760123
0 0.3514590613212381 0.26713395638629284 0.05935753035647579 0.04828660436137071
0 0.2678899067404104 0.23676012461059187 0.05467140953885931 0.04361370716510901
0 0.19681707433989334 0.17289719626168223 0.04373712763108742 0.03426791277258568
0 0.5185973704828936 0.9244548286604362 0.049985288721242756 0.038940809968847245
0 0.085912214989636 0.9750778816199376 0.03436488599585438 0.04049844236760138
0 0.1632332084803084 0.061526479750778816 0.029678765178237896 0.038940809968847356
0 0.17182442997927197 0.11370716510903427 0.031240805450776746 0.028037383177570093
0 0.03124080545077672 0.11214953271028037 0.031240805450776725 0.031152647975077875
0 0.9286329420243381 0.13161993769470404 0.03592692626839323 0.035825545171339554
0 0.7638376932714909 0.23753894080996882 0.028116724905699043 0.04205607476635514
0 0.9732982025792674 0.38862928348909664 0.05340359484146532 0.029595015576324
0 0.4647069810803038 0.880841121495327 0.039051006813470936 0.03271028037383175
0 0.9184796802528357 0.9314641744548287 0.031240805450776746 0.03738317757009355
0 0.7880493174958425 0.9774143302180686 0.045299167903626814 0.04517133956386257
