0 0.24506749740394604 0.8317757009345794 0.04984423676012458 0.03426791277258573
0 0.4340602284527519 0.9641744548286604 0.11630321910695748 0.07165109034267914
0 0.2035306334371755 0.9485981308411214 0.0332294911734164 0.015576323987538956
0 0.014537902388369682 0.9270508786970953 0.029075804776739364 0.02232605645961101
0 0.24610591900311526 0.6378504672897196 0.031152647975077875 0.029595015576324
0 0.04361370716510904 0.6121495327102803 0.03738317757009346 0.028037383177570093
0 0.05815160955347873 0.4236760124610592 0.06645898234683284 0.049844236760124616
0 0.15264797507788164 0.33566978193146413 0.056074766355140186 0.04517133956386296
0 0.4330218068535826 0.43847352024922115 0.043613707165109046 0.03582554517133957
0 0.5275181723779855 0.383177570093458 0.049844236760124616 0.03738317757009348
0 0.5441329179646938 0.26869158878504673 0.08307372793354105 0.11059190031152649
0 0.9200415368639667 0.589563862928349 0.02907580477673932 0.051401869158878594
0 0.46105919003115275 0.588006230529595 0.05399792315680166 0.051401869158878455
0 0.49636552440290754 0.6908099688473521 0.02907580477673939 0.03271028037383175
0 0.5638629283489096 0.8559190031152649 0.03530633437175503 0.045171339563862885
0 0.284527518172378 0.8099688473520249 0.05399792315680166 0.031152647975077913
0 0.7611630321910696 0.8621495327102804 0.047767393561786095 0.03582554517133957
0 0.8629283489096573 0.8403426791277258 0.026998961578400867 0.026479750778816112
0 0.8743509865005192 0.8099688473520247 0.029075804776739475 0.031152647975078253
0 0.9252336448598132 0.8442367601246106 0.031152647975077913 0.024922118380062273
0 0.8920041536863969 0.8707165109034268 0.010384215991692543 0.015576323987538956
0 0.13914849428868123 0.13551401869158877 0.03738317757009348 0.03426791277258566
0 0.3977154724818277 0.22741433021806856 0.035306334371754955 0.03738317757009344
0 0.28037383177570097 0.10124610591900311 0.033229491173416434 0.021806853582554523
0 0.5669781931464175 0.042834890965732085 0.03738317757009348 0.02024922118380063
0 0.7881619937694705 0.08722741433021806 0.026998961578400725 0.024922118380062308
0 0.9314641744548289 0.05919003115264797 0.035306334371754955 0.031152647975077875
0 0.9304257528556596 0.117601246105919 0.0332294911734165 0.0233644859813084
0 0.8940809968847353 0.26869158878504673 0.035306334371754886 0.020249221183800615
0 0.977673935617861 0.588006230529595 0.04465212876427813 0.06074766355140191
0 0.7673935617860852 0.2196261682242991 0.02284527518172368 0.028037383177570128
0 0.39044652128764284 0.012461059190031152 0.033229491173416364 0.018691588785046728
0 0.5763239875389409 0.005451713395638629 0.026998961578400725 0.010903426791277258
0 0.7653167185877467 0.007788161993769471 0.047767393561786095 0.015576323987538943
0 0.8338525441329181 0.021806853582554516 0.02284527518172382 0.018691588785046728
0 0.7372793354101767 0.15809968847352024 0.02076843198338537 0.0264797507788162
0 0.7040498442367603 0.5919003115264797 0.053997923156801735 0.03115264797507784
0 0.6812045690550363 0.6199376947040498 0.0332294911734165 0.024922118380062343
0 0.8089304257528557 0.6495327102803737 0.02284527518172368 0.028037383177570162
