0 0.743578051375589 0.5047879616963065 0.03526371789025674 0.03830369357045143
0 0.9667122663018697 0.6689466484268126 0.043775649794801696 0.03830369357045143
0 0.46633226934184535 0.3693570451436388 0.040127678978568185 0.0355677154582763
0 0.7903936768505854 0.23939808481532146 0.019455844353245197 0.027359781121751005
0 0.8712570299437608 0.36114911080711354 0.027967776257790008 0.03283173734610124
0 0.7466180270557836 0.5437756497948016 0.021887824897400918 0.028727770177838535
0 0.9089527283781732 0.2558139534883721 0.025535795713634287 0.0328317373461012
0 0.7381060951512388 0.2872777017783858 0.026751785985712217 0.027359781121751005
0 0.6888584891320869 0.32010943912448697 0.020671834625322988 0.030095759233926104
0 0.13132694938440495 0.18946648426812587 0.019455844353245162 0.025991792065663474
