0 0.08564189189189189 0.7406444906444907 0.028547297297297297 0.032224532224532254
0 0.25418074324324325 0.735966735966736 0.025253378378378388 0.027027027027027088
0 0.5209881756756757 0.8097713097713098 0.025253378378378388 0.027027027027027088
0 0.4523648648648648 0.36070686070686064 0.024155405405405405 0.02910602910602911
0 0.4671875 0.28274428274428276 0.012077702702702666 0.02079002079002077
0 0.46608952702702694 0.30457380457380456 0.01866554054054056 0.016632016632016616
0 0.07027027027027026 0.12162162162162163 0.024155405405405405 0.01871101871101871
0 0.24210304054054052 0.07484407484407485 0.016469594594594596 0.020790020790020788
0 0.1866554054054054 0.182952182952183 0.019763513513513544 0.02079002079002077
0 0.17128378378378376 0.5561330561330561 0.01756756756756758 0.020790020790020805
0 0.21849662162162162 0.43139293139293144 0.013175675675675685 0.014553014553014592
0 0.7652871621621621 0.38357588357588357 0.024155405405405474 0.016632016632016616
0 0.8915540540540539 0.6060291060291061 0.024155405405405332 0.020790020790020805
0 0.9843327702702702 0.6689189189189189 0.014273648648648702 0.017671517671517735
0 0.9283361486486487 0.7151767151767152 0.01646959459459467 0.016632016632016616
0 0.845439189189189 0.7666320166320167 0.010979729729729684 0.015592515592515638
0 0.7987753378378377 0.893970893970894 0.01646959459459467 0.01455301455301452
0 0.5484375 0.5405405405405405 0.020861486486486527 0.020790020790020805
0 0.5034206081081081 0.40696465696465695 0.016469594594594596 0.017671517671517662
0 0.5418496621621621 0.45322245322245325 0.016469594594594527 0.01871101871101871
0 0.857516891891892 0.2286902286902287 0.01756756756756758 0.02494802494802496
0 0.8739864864864865 0.07640332640332641 0.01756756756756758 0.017671517671517672
0 0.8163429054054054 0.11694386694386695 0.00988175675675663 0.015592515592515604
0 0.7971283783783784 0.1023908523908524 0.010979729729729826 0.015592515592515604
0 0.405152027027027 0.11850311850311851 0.013175675675675649 0.01247401247401248
0 0.4671875 0.10654885654885655 0.009881756756756701 0.015592515592515604
0 0.5083614864864865 0.1346153846153846 0.010979729729729684 0.013513513513513509
0 0.43040540540540534 0.012993762993762994 0.00878378378378379 0.015592515592515595
0 0.25747466216216214 0.038461538461538464 0.012077702702702666 0.010395010395010394
0 0.031292229729729726 0.4417879417879418 0.012077702702702706 0.014553014553014592
0 0.016469594594594593 0.4568607068607069 0.013175675675675673 0.015592515592515567
0 0.011528716216216215 0.5888773388773388 0.012077702702702703 0.011434511434511449
0 0.008234797297297296 0.6975051975051975 0.005489864864864864 0.012474012474012426
0 0.3453125 0.6325363825363826 0.012077702702702666 0.015592515592515567
0 0.3639780405405405 0.8087318087318087 0.014273648648648702 0.010395010395010331
0 0.14767736486486485 0.8830561330561331 0.012077702702702683 0.015592515592515496
0 0.12297297297297298 0.8747401247401249 0.008783783783783807 0.013513513513513686
0 0.08179898648648648 0.9183991683991684 0.012077702702702692 0.015592515592515496
0 0.08344594594594593 0.9532224532224532 0.010979729729729737 0.01871101871101871
0 0.5879645270270271 0.7474012474012475 0.01646959459459467 0.01871101871101871
0 0.8619087837837838 0.3503118503118503 0.013175675675675791 0.01871101871101871
0 0.976097972972973 0.30509355509355507 0.010979729729729684 0.015592515592515567
0 0.9826858108108106 0.45270270270270274 0.010979729729729826 0.02182952182952185
0 0.7241131756756757 0.4755717255717256 0.014273648648648702 0.015592515592515567
0 0.7630912162162161 0.41320166320166324 0.024155405405405474 0.015592515592515567
0 0.365625 0.3508316008316008 0.010979729729729755 0.011434511434511378
0 0.6505489864864864 0.18659043659043661 0.014273648648648702 0.013513513513513509
0 0.7894425675675676 0.25571725571725573 0.010979729729729684 0.01247401247401246
0 0.7059966216216216 0.2801455301455302 0.010979729729729826 0.015592515592515567
0 0.24704391891891894 0.435031185031185 0.013175675675675685 0.015592515592515567
0 0.446875 0.4838877338877339 0.015371621621621685 0.015592515592515567
0 0.3793496621621621 0.5405405405405405 0.012077702702702666 0.010395010395010403
0 0.41777871621621615 0.7146569646569645 0.009881756756756843 0.011434511434511449
0 0.0323902027027027 0.21257796257796258 0.018665540540540544 0.015592515592515604
0 0.08015202702702702 0.17463617463617467 0.015371621621621614 0.014553014553014556
0 0.11528716216216216 0.02182952182952183 0.00878378378378379 0.010395010395010394
0 0.1542652027027027 0.017671517671517672 0.012077702702702683 0.01871101871101871
0 0.11145497914907093 0.004158004158004158 0.014252203864020263 0.008316008316008316
0 0.47981418918918917 0.2583160083160083 0.015371621621621685 0.017671517671517627
0 0.5989442567567568 0.25103950103950107 0.009881756756756701 0.011434511434511414
0 0.644510135135135 0.23284823284823286 0.01317567567567572 0.012474012474012497
0 0.3513513513513513 0.2801455301455302 0.010979729729729684 0.015592515592515567
