0 0.47637590861889934 0.530373831775701 0.01817237798546209 0.020249221183800684
0 0.7009345794392524 0.031152647975077875 0.020768431983385228 0.024922118380062305
0 0.7340342679127726 0.6869158878504672 0.019470404984423623 0.021806853582554454
0 0.5893042575285565 0.6526479750778816 0.015576323987538885 0.021806853582554596
0 0.4945482866043614 0.616822429906542 0.015576323987538956 0.021806853582554523
0 0.3881100726895119 0.881619937694704 0.01817237798546202 0.018691588785046776
0 0.17653167185877472 0.9774143302180685 0.025960539979231544 0.026479750778815828
0 0.042834890965732085 0.7616822429906542 0.015576323987538934 0.018691588785046776
0 0.18821391484942887 0.6214953271028036 0.01817237798546213 0.015576323987538956
0 0.32645379023883697 0.01635514018691589 0.014278296988577353 0.020249221183800622
0 0.48676012461059187 0.024922118380062298 0.01817237798546209 0.024922118380062298
0 0.4815680166147456 0.19859813084112146 0.01298026998961582 0.02024922118380065
0 0.6035825545171339 0.191588785046729 0.015576323987538956 0.01557632398753892
0 0.6269470404984424 0.11993769470404984 0.01298026998961575 0.021806853582554506
0 0.39395119418483904 0.11682242990654207 0.00908618899273101 0.015576323987538937
0 0.3193146417445483 0.09735202492211836 0.015576323987538956 0.020249221183800632
0 0.28686396677050885 0.13239875389408098 0.012980269989615784 0.021806853582554506
0 0.4127725856697819 0.33333333333333326 0.010384215991692614 0.018691588785046703
0 0.4127725856697819 0.37772585669781933 0.01298026998961582 0.014018691588785047
0 0.9514537902388369 0.13862928348909656 0.015576323987538956 0.021806853582554506
0 0.8268431983385256 0.38940809968847345 0.01817237798546202 0.024922118380062343
0 0.967030114226376 0.8644859813084111 0.018172377985462163 0.021806853582554596
0 0.008437175493250258 0.37876427433572457 0.016874350986500516 0.022326056459611082
0 0.04672897196261682 0.028037383177570093 0.01817237798546209 0.024922118380062308
0 0.04867601246105918 0.5887850467289719 0.014278296988577362 0.012461059190031137
0 0.5308930425752856 0.2554517133956386 0.01298026998961582 0.018691588785046703
0 0.7742731048805815 0.9906542056074764 0.022066458982346798 0.018691588785046773
0 0.29789719626168226 0.6549844236760126 0.014278296988577353 0.017133956386292795
0 0.2901090342679128 0.3309968847352025 0.014278296988577237 0.017133956386292983
