0 0.14168917932242991 0.20093457943925233 0.023874367211838016 0.028037383177570093
0 0.2304395443925234 0.2390965732087227 0.020760319314641756 0.03582554517133953
0 0.27559323890186915 0.2873831775700934 0.028026431074766302 0.04517133956386292
0 0.30206264602803734 0.3621495327102804 0.02491238317757013 0.04205607476635514
0 0.23407260027258567 0.3909657320872274 0.030102463006230522 0.04049844236760123
0 0.12819497176791278 0.5132398753894081 0.028026431074766354 0.03582554517133957
0 0.052938814252336444 0.29049844236760125 0.022836351246105915 0.03582554517133957
0 0.013494207554517135 0.18302180685358255 0.022836351246105918 0.029595015576324
0 0.09549746884735201 0.08411214953271028 0.016608255451713384 0.037383177570093455
0 0.3046576859423676 0.08099688473520249 0.030102463006230557 0.031152647975077885
0 0.2890874464563863 0.13473520249221183 0.028026431074766302 0.0233644859813084
0 0.3560394762461059 0.3652647975077882 0.022836351246105835 0.023364485981308362
0 0.3586345161604361 0.4065420560747664 0.01972230334890966 0.03426791277258566
0 0.5517054857866043 0.4727414330218069 0.02595039914330222 0.04205607476635514
0 0.6113914038161993 0.2546728971962617 0.03114047897196258 0.04517133956386292
0 0.6119104117990654 0.29283489096573206 0.02595039914330222 0.031152647975077875
0 0.6767864096573208 0.31931464174454827 0.029064447040498466 0.04361370716510901
0 0.8594772196261683 0.3839563862928349 0.018684287383177605 0.03894080996884739
0 0.8864656347352025 0.3878504672897196 0.020760319314641718 0.028037383177570093
0 0.9622408002336448 0.6012461059190031 0.02698841510903435 0.03738317757009341
0 0.9622408002336448 0.8948598130841122 0.03114047897196258 0.04517133956386303
0 0.8304127725856696 0.9735202492211837 0.02076031931464186 0.03426791277258573
0 0.7577516549844237 0.16978193146417447 0.03321651090342684 0.02803738317757011
0 0.8044623734423676 0.2219626168224299 0.020760319314641718 0.038940809968847356
0 0.9035928981697819 0.14641744548286603 0.02595039914330215 0.04361370716510903
0 0.18113378602024924 0.05295950155763239 0.023874367211838 0.031152647975077875
0 0.2013750973520249 0.08566978193146417 0.01868428738317757 0.024922118380062308
0 0.27455522293613704 0.06619937694704049 0.01764627141744551 0.03582554517133956
0 0.051381790303738316 0.19470404984423673 0.015570239485981307 0.040498442367601264
0 0.03165948695482866 0.501557632398754 0.021798335280373834 0.028037383177570093
0 0.35915352414330215 0.9649532710280374 0.018684287383177532 0.026479750778816254
0 0.6036062840732087 0.7289719626168224 0.030102463006230592 0.031152647975077913
0 0.2999866140965732 0.5599688473520249 0.020760319314641756 0.029595015576324074
0 0.2034511292834891 0.52803738317757 0.020760319314641756 0.028037383177570093
0 0.2688461351246106 0.4205607476635514 0.01868428738317757 0.03426791277258566
0 0.5304261584890965 0.1518691588785047 0.022836351246105904 0.04205607476635516
0 0.8241846767912773 0.46417445482866043 0.016608255451713346 0.024922118380062273
0 0.810171461253894 0.3901869158878505 0.013494207554517175 0.020249221183800615
0 0.796677253699377 0.4034267912772586 0.025950399143302008 0.015576323987538885
0 0.3155568535825545 0.6121495327102804 0.02076031931464179 0.03426791277258566
0 0.28026431074766356 0.16355140186915887 0.020760319314641718 0.021806853582554506
0 0.32489899727414323 0.22585669781931464 0.010380159657320824 0.028037383177570093
0 0.5999732281931465 0.6783489096573209 0.01660825545171342 0.029595015576323932
0 0.4370047215732087 0.7102803738317758 0.010380159657320859 0.018691588785046776
0 0.48371544003115263 0.7313084112149534 0.020760319314641718 0.023364485981308435
0 0.46814520054517134 0.7172897196261683 0.018684287383177605 0.03271028037383189
0 0.57194679711838 0.9034267912772586 0.022836351246105835 0.024922118380062273
0 0.7759169343847353 0.6822429906542056 0.01972230334890966 0.024922118380062273
0 0.005709087811526481 0.5282969846160984 0.011418175623052963 0.02855658605462679
0 0.4183204341900311 0.038940809968847356 0.018684287383177605 0.015576323987538943
0 0.7141549844236761 0.03426791277258567 0.010380159657320859 0.03115264797507788
0 0.42766257788161993 0.5459501557632399 0.024912383177570163 0.026479750778816254
0 0.5081088152258567 0.3582554517133956 0.01972230334890966 0.03738317757009341
0 0.42091547410436136 0.18769470404984426 0.021798335280373848 0.02024922118380065
0 0.44063777745327104 0.14330218068535824 0.01557023948598129 0.031152647975077875
0 0.536135246300623 0.8644859813084111 0.01557023948598136 0.028037383177570235
0 0.5387302862149532 0.9080996884735203 0.018684287383177605 0.03426791277258559
0 0.9689879040109034 0.8286604361370716 0.01557023948598129 0.024922118380062273
0 0.9767730237538942 0.6915887850467289 0.014532223520249233 0.024922118380062273
0 0.929543297313084 0.6814641744548285 0.01972230334890966 0.03271028037383175
0 0.7406243915498442 0.40809968847352024 0.01557023948598129 0.024922118380062273
0 0.44323281736760123 0.3839563862928348 0.018684287383177605 0.029595015576324
0 0.4017121787383177 0.38161993769470404 0.014532223520249233 0.028037383177570093
0 0.4769683362538941 0.3808411214953271 0.01972230334890966 0.029595015576324
0 0.4769683362538941 0.2764797507788162 0.02179833528037378 0.032710280373831786
0 0.3736857476635514 0.0264797507788162 0.020760319314641718 0.028037383177570093
0 0.583883980724299 0.031931464174454825 0.01557023948598136 0.026479750778816195
0 0.09964953271028038 0.7087227414330218 0.016608255451713384 0.028037383177570093
0 0.11210572429906542 0.7601246105919003 0.022836351246105904 0.024922118380062273
0 0.2371866481697819 0.8566978193146417 0.021798335280373813 0.015576323987538814
0 0.3404692367601245 0.8395638629283488 0.02076031931464179 0.03426791277258573
0 0.48890551985981306 0.9727414330218069 0.022836351246105904 0.03582554517133957
