0 0.4382204049844237 0.16199376947040497 0.05806074766355138 0.06230529595015577
0 0.5612538940809969 0.1627725856697819 0.04423676012461051 0.05140186915887851
0 0.30758372274143303 0.3971962616822429 0.045619158878504644 0.0404984423676013
0 0.3566588785046729 0.3457943925233644 0.019353582554517176 0.018691588785046703
0 0.20597741433021807 0.22429906542056074 0.038707165109034276 0.03738317757009348
0 0.23431658878504674 0.16355140186915887 0.026265576323987502 0.03426791277258566
0 0.1638142523364486 0.20560747663551404 0.020735981308411196 0.01557632398753892
0 0.31034852024922116 0.455607476635514 0.020735981308411162 0.02647975077881618
0 0.31864291277258566 0.589563862928349 0.015206386292834929 0.014018691588785047
0 0.38292445482866044 0.6635514018691588 0.013823987538940869 0.018691588785046776
0 0.17279984423676012 0.6619937694704049 0.019353582554517138 0.015576323987538956
0 0.050457554517133955 0.5420560747663551 0.023500778816199375 0.024922118380062343
0 0.835660046728972 0.7943925233644858 0.048383956386292934 0.056074766355140186
0 0.7430393302180686 0.9221183800623052 0.023500778816199386 0.03115264797507777
0 0.5730042834890966 0.9018691588785046 0.012441588785046634 0.012461059190031137
0 0.40642523364485983 0.9532710280373832 0.016588785046728987 0.018691588785046776
0 0.6600954049844238 0.26869158878504673 0.02903037383177576 0.02647975077881618
0 0.6269178348909658 0.26246105919003115 0.020735981308411127 0.020249221183800615
0 0.5211643302180685 0.2858255451713395 0.013823987538940869 0.023364485981308435
0 0.8833528037383178 0.015576323987538937 0.019353582554517176 0.018691588785046728
0 0.9552375389408101 0.5623052959501558 0.01382398753894094 0.03738317757009348
0 0.7803640965732087 0.6479750778816199 0.026265576323987433 0.031152647975077913
0 0.5260027258566978 0.46417445482866043 0.015206386292834892 0.024922118380062273
0 0.2640381619937695 0.10046728971962617 0.02488317757009348 0.01713395638629283
0 0.8771320093457945 0.3714953271028037 0.015206386292834963 0.020249221183800684
0 0.7990264797507788 0.34190031152647976 0.022118380062305362 0.014018691588785047
0 0.23639018691588787 0.8115264797507789 0.013823987538940834 0.021806853582554454
0 0.06842873831775702 0.9190031152647975 0.01244158878504673 0.018691588785046776
0 0.5031931464174455 0.12149532710280372 0.011059190031152681 0.01869158878504672
0 0.6151674454828661 0.04205607476635514 0.019353582554517176 0.015576323987538943
0 0.3670268691588785 0.09345794392523364 0.015206386292834963 0.021806853582554523
0 0.7229945482866043 0.010903426791277258 0.02488317757009341 0.006230529595015576
0 0.9907515576323987 0.8481308411214954 0.018496884735202456 0.020249221183800757
