0 0.29664447403462046 0.6165113182423437 0.037549933422103866 0.03994673768308921
0 0.07009320905459387 0.6031957390146472 0.03754993342210386 0.03994673768308921
0 0.021278295605858855 0.6404793608521971 0.037549933422103866 0.03994673768308921
0 0.051318242343541945 0.4007989347536619 0.037549933422103866 0.03994673768308921
0 0.25909454061251663 0.09054593874833557 0.037549933422103866 0.03994673768308923
0 0.3704926764314248 0.06258322237017312 0.03754993342210383 0.03994673768308922
0 0.5557390146471373 0.8495339547270307 0.03754993342210383 0.03994673768308928
0 0.346711051930759 0.8135818908122505 0.03754993342210383 0.03994673768308928
0 0.23406125166444747 0.9520639147802932 0.037549933422103866 0.03994673768308928
0 0.148948069241012 0.8881491344873502 0.03754993342210385 0.03994673768308928
0 0.3642343541944074 0.9813581890812252 0.03754993342210383 0.03728362183754967
0 0.46561917443408796 0.8628495339547271 0.03754993342210383 0.03994673768308928
0 0.6258322237017311 0.7376830892143809 0.03754993342210383 0.03994673768308928
0 0.7409853528628496 0.8721704394141147 0.03754993342210383 0.03994673768308928
0 0.8686551264980028 0.8841544607190415 0.03754993342210383 0.03994673768308928
0 0.9600266311584553 0.985352862849534 0.03754993342210383 0.029294274300931848
0 0.5156857523302264 0.5765645805592544 0.03754993342210383 0.03994673768308921
0 0.25158455392809587 0.5179760319573903 0.037549933422103866 0.03994673768308921
0 0.09137150466045274 0.35952063914780297 0.03754993342210386 0.03994673768308921
0 0.1727296937416778 0.15179760319573904 0.037549933422103866 0.03994673768308921
0 0.6446071904127831 0.022636484687083888 0.03754993342210391 0.03994673768308921
0 0.7973102529960054 0.3102529960053263 0.03754993342210383 0.03994673768308921
0 0.8160852197070574 0.06258322237017312 0.03754993342210383 0.03994673768308922
0 0.7096937416777629 0.16378162450066583 0.03754993342210383 0.03994673768308923
0 0.08636484687083888 0.08655126498002665 0.03754993342210386 0.03994673768308922
0 0.030039946737683093 0.07323568575233023 0.037549933422103866 0.03994673768308922
0 0.2353129161118509 0.23169107856191748 0.037549933422103866 0.03994673768308921
0 0.27912117177097207 0.4660452729693742 0.037549933422103866 0.03994673768308921
0 0.30665778961384826 0.6631158455392812 0.03754993342210383 0.03994673768308928
0 0.1802396804260985 0.5965379494007991 0.037549933422103866 0.03994673768308921
0 0.07134487350199734 0.25965379494007995 0.03754993342210386 0.03994673768308921
0 0.0463115845539281 0.34221038615179766 0.037549933422103866 0.03994673768308921
0 0.15145139813581893 0.24766977363515316 0.03754993342210385 0.03994673768308921
0 0.13267643142476698 0.288948069241012 0.037549933422103866 0.03994673768308921
0 0.4931557922769641 0.8242343541944076 0.03754993342210383 0.03994673768308928
0 0.5419707057256992 0.6258322237017312 0.03754993342210383 0.03994673768308928
0 0.6220772303595207 0.6884154460719043 0.03754993342210391 0.03994673768308928
0 0.7021837549933423 0.685752330226365 0.03754993342210383 0.03994673768308928
0 0.8423701731025299 0.5965379494007991 0.03754993342210383 0.03994673768308921
0 0.80982689747004 0.6498002663115847 0.03754993342210383 0.03994673768308928
0 0.7948069241011985 0.4660452729693742 0.03754993342210383 0.03994673768308921
0 0.148948069241012 0.4660452729693742 0.03754993342210385 0.03994673768308921
0 0.15145139813581893 0.6804260985352865 0.03754993342210385 0.03994673768308928
0 0.3454593874833556 0.5459387483355528 0.03754993342210383 0.03994673768308921
0 0.46937416777629826 0.3488681757656458 0.03754993342210383 0.03994673768308921
0 0.3592276964047936 0.15712383488681758 0.03754993342210383 0.03994673768308921
0 0.563249001331558 0.23834886817576567 0.03754993342210383 0.03994673768308921
