0 0.3808777429467085 0.3341880877742947 0.015673981191222524 0.03688610240334384
0 0.5632183908045978 0.36000835945663534 0.011494252873563227 0.02950888192267499
0 0.593521421107628 0.3032037617554859 0.008359456635318807 0.03393521421107629
0 0.6389759665621734 0.6646875653082549 0.01044932079414835 0.022131661442006276
0 0.5937826541274818 0.9494482758620691 0.006792058516196349 0.036886102403343696
0 0.46551724137931033 0.9686290491118078 0.008359456635318665 0.03983699059561118
0 0.2716823406478579 0.806330198537095 0.01149425287356319 0.03098432601880873
0 0.18129571577847442 0.6868192267502613 0.0083594566353187 0.03098432601880887
0 0.22021943573667713 0.6292769070010449 0.01201671891327063 0.03098432601880887
0 0.19723092998955066 0.7421483803552769 0.008881922675026103 0.02950888192267513
0 0.07575757575757576 0.8218223615464996 0.009404388714733543 0.02360710553814002
0 0.10370950888192267 0.8019038662486938 0.0067920585161964555 0.02508254963427376
0 0.06974921630094044 0.6388672936259143 0.009926854754440972 0.02950888192267499
0 0.03265412748171369 0.4101734587251829 0.006792058516196447 0.02950888192267506
0 0.05329153605015674 0.23828422152560086 0.009404388714733543 0.030984326018808767
0 0.01619644723092999 0.02213166144200627 0.013584117032392894 0.03245977011494253
0 0.1567398119122257 0.09221525600835946 0.012539184952978033 0.03688610240334377
0 0.13819226750261232 0.14385579937304077 0.010971786833855806 0.030984326018808767
0 0.10762800417972831 0.2360710553814002 0.011494252873563227 0.032459770114942506
0 0.25600835945663536 0.3341880877742947 0.009404388714733543 0.030984326018808767
0 0.2776907001044932 0.41091118077324973 0.009926854754441017 0.022131661442006276
0 0.27847439916405436 0.5496029258098224 0.008359456635318736 0.03688610240334377
0 0.3215778474399164 0.6978850574712644 0.010971786833855787 0.03245977011494247
0 0.23249738766980144 0.7399352142110763 0.006269592476489017 0.02508254963427376
0 0.20898641588296762 0.7790344827586207 0.0083594566353187 0.020656217345872533
0 0.6105015673981191 0.7318202716823408 0.00992685475444091 0.02360710553814002
0 0.5141065830721003 0.3577951933124347 0.012539184952978105 0.02508254963427376
0 0.583594566353187 0.35779519331243465 0.009404388714733614 0.028033437826541316
0 0.6029258098223615 0.48468338557993734 0.008359456635318665 0.028033437826541246
0 0.5420585161964472 0.515667711598746 0.006792058516196349 0.02508254963427383
0 0.5274294670846394 0.6071452455590386 0.007836990595611368 0.02803343782654139
0 0.540491118077325 0.664687565308255 0.007836990595611226 0.03098432601880887
0 0.5519853709508882 0.6632121212121211 0.00679205851619642 0.022131661442006276
0 0.6355799373040752 0.9369070010449321 0.007836990595611297 0.03245977011494247
0 0.8526645768025076 0.7495256008359457 0.011494252873563227 0.02950888192267499
0 0.9448798328108673 0.6853437826541275 0.008881922675026032 0.03098432601880873
0 0.9299895506792059 0.7657554858934169 0.007314524555903859 0.05311598746081501
0 0.780564263322884 0.8092810867293626 0.009404388714733472 0.03098432601880887
0 0.8589341692789969 0.8528066875653083 0.01044932079414835 0.02950888192267513
0 0.9135318704284222 0.896332288401254 0.008881922675026174 0.025082549634273903
0 0.9461859979101358 0.9324806687565308 0.007314524555903859 0.0354106583072101
0 0.912748171368861 0.9833834900731452 0.004179728317659368 0.01918077324973879
0 0.8928944618599792 0.9723176593521421 0.008359456635318594 0.026557993730407646
0 0.8513584117032393 0.9457596656217346 0.008881922675026317 0.03245977011494262
0 0.7560083594566354 0.9073981191222569 0.0052246603970741035 0.020656217345872533
0 0.8040752351097179 0.9891097178683386 0.007314524555903859 0.0217805642633229
0 0.8375130616509927 0.24271055381400208 0.007314524555903859 0.02508254963427376
0 0.774294670846395 0.284760710553814 0.007314524555903859 0.020656217345872533
0 0.671891327063741 0.0995924764890282 0.006269592476489123 0.022131661442006276
0 0.8286311389759666 0.04131243469174503 0.01044932079414835 0.026557993730407528
0 0.9182340647857891 0.005164054336468129 0.014106583072100278 0.010328108672936258
0 0.9623824451410659 0.07598537095088818 0.0052246603970741035 0.02508254963427376
0 0.9751828631138976 0.3946812957157785 0.008881922675026032 0.02508254963427376
0 0.887669801462905 0.3216468129571578 0.010449320794148492 0.02950888192267506
0 0.9007314524555903 0.34672936259143156 0.007314524555903859 0.02950888192267506
0 0.9218913270637408 0.4551745036572623 0.004702194357366807 0.022131661442006206
0 0.9383490073145245 0.5289467084639498 0.008359456635318736 0.022131661442006276
0 0.9443573667711598 0.5702591431556949 0.008881922675026174 0.03098432601880873
0 0.8672936259143157 0.4522236154649948 0.006269592476489123 0.028033437826541246
0 0.6705851619644725 0.22574294670846395 0.008881922675026174 0.026557993730407504
0 0.6893939393939393 0.21098850574712644 0.010971786833855787 0.04131243469174503
0 0.6849529780564264 0.25377638453500523 0.009404388714733614 0.02655799373040754
0 0.6543887147335422 0.11287147335423196 0.009926854754440767 0.033935214211076266
0 0.3406478578892371 0.05532915360501568 0.01044932079414842 0.02803343782654128
0 0.4085684430512017 0.0486896551724138 0.012539184952978105 0.03836154649947753
0 0.48380355276906994 0.15787251828631138 0.01044932079414842 0.02360710553814
0 0.44017763845350044 0.1851682340647858 0.010971786833855858 0.02803343782654128
0 0.45480668756530834 0.2685308254963427 0.013061650992685471 0.03245977011494258
0 0.29284221525600834 0.2117262277951933 0.009926854754440946 0.03393521421107625
0 0.227533960292581 0.22574294670846395 0.010971786833855787 0.035410658307210026
0 0.3623301985370951 0.26779310344827584 0.007836990595611297 0.0309843260188088
0 0.4608150470219436 0.3194336468129572 0.006269592476488981 0.028033437826541246
0 0.4422675026123302 0.5599310344827587 0.00679205851619642 0.022131661442006276
0 0.49190177638453497 0.5547669801462906 0.00992685475444091 0.02360710553814002
0 0.5668756530825496 0.5909153605015673 0.009404388714733472 0.028033437826541316
0 0.5828108672936259 0.5724723092998956 0.006792058516196349 0.026557993730407573
0 0.42189132706374083 0.8144451410658307 0.007836990595611368 0.01770532915360491
0 0.41666666666666663 0.860183908045977 0.008881922675026174 0.02950888192267513
0 0.37356321839080464 0.8070679205851622 0.009404388714733543 0.01770532915360505
0 0.33228840125391845 0.8594461859979102 0.007314524555903859 0.02508254963427376
0 0.3889759665621735 0.9324806687565308 0.007836990595611297 0.02360710553814002
0 0.3970741901776384 0.9826457680250783 0.006269592476489052 0.014754440961337423
0 0.09404388714733543 0.6794420062695924 0.006269592476489017 0.016229885057471166
0 0.033437826541274814 0.5422257053291537 0.007314524555903867 0.016229885057471236
0 0.11990595611285267 0.5363239289446186 0.0057471264367816135 0.016229885057471236
0 0.1235632183908046 0.058280041797283175 0.0067920585161964555 0.01622988505747127
