0 0.8048589341692789 0.2183657262277952 0.014106583072100278 0.04426332288401255
0 0.9529780564263323 0.019180773249738766 0.008359456635318594 0.029508881922675027
0 0.7998955067920585 0.09000208986415884 0.011494252873563227 0.035410658307210026
0 0.5838870385949416 0.2889947274536001 0.0060933565858116625 0.01583102787846535
0 0.6399459191844078 0.2063980602616072 0.006580825112676436 0.01858425011819836
0 0.6446987373213409 0.27006632455543506 0.006337090849244049 0.01927255567813159
0 0.6752873873821149 0.3179035609707976 0.008043230693271255 0.019960861238064887
0 0.7290307924689727 0.14858039322721217 0.0058496223223791334 0.015831027878465312
0 0.7119693940287004 0.18024244898414282 0.00877443348356863 0.022714083477798006
0 0.6557886463075178 0.11278850411068195 0.006580825112676507 0.014454416758598735
0 0.5217348014196634 0.06538902819366105 0.009993104800730918 0.02477900015759787
0 0.5870555840195635 0.10978473680935721 0.0056058880589466755 0.017207638998331855
0 0.5043078015842424 0.178271140022718 0.007799496429838797 0.01927255567813166
0 0.46677272501564315 0.17345300110318504 0.005849622322379062 0.016519333438398575
0 0.47055060609884636 0.343120321626737 0.007555762166406339 0.02271408347779804
0 0.3057862440185018 0.3713408495840013 0.007555762166406303 0.024090694597664566
0 0.234737706227939 0.3699642384641348 0.0073120279029738455 0.021337472357931517
0 0.23193476219846565 0.43053512773826286 0.006580825112676472 0.019960861238064852
0 0.1884281961757711 0.3796005163032007 0.007799496429838797 0.02546730571753123
0 0.297986747588663 0.5010864476314235 0.008530699220136242 0.02064916679799829
0 0.3652574042960226 0.42193130823909697 0.007068293639541423 0.02340238903773127
0 0.37915025731167307 0.43672987777766237 0.004630951005216773 0.0185842501181984
0 0.38439054397547096 0.46908023909452623 0.004874685268649231 0.017207638998331803
0 0.41376052271908265 0.5272420589088879 0.006093356585811591 0.0178959445582651
0 0.536236990093895 0.4291585166183963 0.007799496429838868 0.025467305717531162
0 0.5420866124162741 0.2553613627352447 0.006824559376108965 0.022025777917864815
0 0.24363400684322387 0.047837236415362534 0.00804323069327122 0.02271408347779805
0 0.13066317574227748 0.07949929217229315 0.0068245593761089825 0.014454416758598754
0 0.19391221710300152 0.11184965348915704 0.006580825112676472 0.01996086123806494
0 0.30115529301328503 0.10496659788982426 0.007068293639541423 0.01996086123806494
0 0.1274946303176555 0.12561576468782248 0.009261902010433563 0.019960861238064922
0 0.1349285253523456 0.09326540337095864 0.006093356585811591 0.017207638998331855
0 0.03412279688054474 0.017895944558265126 0.007799496429838797 0.023402389037731317
0 0.01547712572796137 0.10496659788982429 0.006093356585811563 0.0185842501181984
0 0.02620143331898972 0.17586207056295153 0.006580825112676485 0.0185842501181984
0 0.028638775953314335 0.3857952663426001 0.009505636273866034 0.024090694597664636
0 0.123329537296826 0.43913894723742886 0.006337090849244031 0.017895944558265243
0 0.06982986647340049 0.4890411003325912 0.008043230693271263 0.02271408347779804
0 0.09395955855321429 0.43776233611756227 0.006580825112676489 0.01789594455826517
0 0.13880666302478736 0.7530062825670016 0.007555762166406339 0.019272555678131766
0 0.10358706195879655 0.8039408940020639 0.008286964956703714 0.019272555678131766
0 0.11065535559833795 0.8765571305750244 0.006337090849244031 0.01720763899833173
0 0.19133139679448302 0.8837843389543236 0.006824559376108965 0.02615561127746446
0 0.23788464111008334 0.9219852975306204 0.007799496429838797 0.032350361316863856
0 0.2353254313440425 0.8755246722351245 0.0051184195320816885 0.020649166797998077
0 0.2344723614220289 0.8387003247786944 0.004874685268649195 0.017207638998331873
0 0.19206259958478042 0.8084148801416302 0.0073120279029738455 0.01858425011819847
0 0.2706668995417496 0.8476482970578268 0.005605888058946604 0.017207638998331873
0 0.3645045909632476 0.8459275331579937 0.008043230693271255 0.030285444637064105
0 0.3256289759457698 0.9927727916207005 0.007312027902973881 0.014454416758598826
0 0.4871029254697762 0.8423780267752804 0.009505636273866002 0.026155611277464318
0 0.5066016665443732 0.6806262201909609 0.006580825112676578 0.019272555678131482
0 0.6517454204184046 0.6968014008493927 0.010724307591028293 0.03510358355659705
0 0.6338309520561187 0.6382954282550644 0.013892853015650387 0.040610028036063214
0 0.6984205318657212 0.7559956790036543 0.01633019564997497 0.05850597259432831
0 0.6092137914494399 0.4180376490764168 0.009018167747001158 0.019960861238064995
0 0.7981078456095984 0.481361760590278 0.007068293639541423 0.021337472357931587
0 0.8976732922217593 0.4741345522109786 0.009749370537298461 0.019272555678131697
0 0.8239436775334394 0.6117956641976334 0.007555762166406481 0.019272555678131697
0 0.8535573905404835 0.648275858874097 0.006824559376109107 0.02064916679799822
0 0.8975514250900432 0.7291517621662567 0.007555762166406197 0.019960861238065064
0 0.9163189633743428 0.7356906649856226 0.0046309510052167015 0.020649166797998362
0 0.8986482292754892 0.794196637579951 0.010236839064163377 0.03303866687679715
0 0.8952359495874347 0.879546527011677 0.006824559376108965 0.02064916679799822
0 0.8188252580013576 0.9432147913055049 0.007068293639541281 0.01720763899833173
0 0.9413819096444928 0.7694176374223533 0.007068293639541281 0.019272555678131766
0 0.9613681192459547 0.8736959297522443 0.009018167747001229 0.022714083477798255
0 0.9759921750519023 0.8275794572367148 0.008043230693271255 0.024090694597664424
0 0.9461347277814256 0.6100749002978003 0.006337090849243907 0.024090694597664636
0 0.9469877977034392 0.737411428885456 0.005118419532081617 0.01720763899833173
0 0.91042765818857 0.560172747202638 0.006093356585811591 0.013766111198665457
0 0.8881259730844997 0.5815102195605694 0.007312027902973881 0.016519333438398506
0 0.8546125118625361 0.8158782627178492 0.007555762166406339 0.019960861238064922
0 0.8139088898693149 0.7873135819806183 0.007068293639541565 0.01789594455826503
0 0.9887882238821066 0.9074229021889747 0.007312027902973881 0.02271408347779783
0 0.9443067208056823 0.4090896767972842 0.007068293639541281 0.019960861238064852
0 0.9265141195751124 0.3953235655986188 0.006093356585811449 0.019960861238064995
0 0.8217083862991537 0.30928537060695954 0.006093356585811591 0.019960861238064995
0 0.8302390855192897 0.32821377350512454 0.006093356585811449 0.020649166797998254
0 0.9859852798526333 0.2001889393575356 0.009018167747001229 0.024779000157597864
