0 0.47 0.6904127829560588 0.033794940079893435 0.04926764314247677
0 0.23593874833555262 0.8348868175765648 0.05382157123834887 0.04527296937416778
0 0.22091877496671108 0.6384820239680427 0.036298268974700426 0.03328894806924097
0 0.297896138482024 0.6098535286284954 0.035046604527296986 0.03994673768308914
0 0.3429560585885487 0.5532623169107856 0.032543275632489994 0.03328894806924097
0 0.4962849533954728 0.5492676431424768 0.043808255659121186 0.0412782956058588
0 0.5250732356857525 0.5872170439414115 0.023781624500665757 0.029294274300932132
0 0.5857789613848203 0.6118508655126499 0.030039946737683038 0.03328894806924112
0 0.7322237017310254 0.7110519307589882 0.025033288948069412 0.02663115845539281
0 0.7441145139813582 0.7589880159786953 0.03129161118508648 0.0213049267643143
0 0.593288948069241 0.2909454061251665 0.030039946737683038 0.05459387483355524
0 0.4624900133155792 0.4094540612516645 0.04631158455392814 0.03861517976031962
0 0.933115845539281 0.17177097203728364 0.04130492676431416 0.03728362183754994
0 0.9187217043941412 0.19241011984021306 0.04005326231691072 0.03328894806924101
0 0.8511318242343543 0.23102529960053267 0.02002663115845536 0.035952063914780334
0 0.9180958721704395 0.3528628495339548 0.03880159786950742 0.045272969374167714
0 0.8993209054593876 0.5486018641810919 0.04881491344873495 0.045272969374167714
0 0.7916777629826899 0.40213049267643153 0.04380825565912105 0.042609853528628464
0 0.7434886817576566 0.23701731025299602 0.042556591211717745 0.02663115845539277
0 0.968162450066578 0.06324900133155793 0.033794940079893504 0.0359520639147803
0 0.8592676431424766 0.11251664447403463 0.03880159786950728 0.03328894806924101
0 0.8054460719041279 0.06191744340878829 0.031291611185086624 0.02796271637816245
0 0.7954327563249002 0.03195739014647137 0.01627163781624489 0.013315579227696404
0 0.7741544607190414 0.01997336884154461 0.03129161118508648 0.03462050599201066
0 0.2278029294274301 0.03794940079893476 0.05256990679094546 0.04394141145139814
0 0.08073235685752332 0.08788282290279628 0.04881491344873504 0.037283621837549935
0 0.06696404793608522 0.37882822902796276 0.03129161118508654 0.04660452729693745
0 0.1527030625832224 0.4101198402130493 0.04505992010652465 0.04527296937416778
0 0.010013315579227697 0.5552596537949401 0.020026631158455394 0.04793608521970704
0 0.04067909454061252 0.882157123834887 0.033794940079893476 0.03328894806924097
0 0.07322237017310254 0.7589880159786953 0.016271637816245008 0.026631158455392667
0 0.3423302263648469 0.966711051930759 0.05382157123834887 0.04793608521970711
0 0.21278295605858857 0.9507323568575233 0.03254327563249003 0.042609853528628464
0 0.08198402130492678 0.9307589880159789 0.03129161118508656 0.037283621837549956
0 0.08699067909454061 0.9653794940079895 0.018774966711051916 0.015978695073235655
0 0.6220772303595207 0.17110519307589883 0.03754993342210391 0.04127829560585887
0 0.6615046604527296 0.2922769640479361 0.02878828229027974 0.03328894806924097
0 0.49190412782956067 0.20239680426098539 0.027536617842876154 0.029294274300932094
0 0.3160452729693742 0.24300932090545943 0.03129161118508659 0.03328894806924104
0 0.3298135818908123 0.13648468708388817 0.026284953395472675 0.02796271637816245
0 0.5901597869507325 0.12516644474034622 0.028788282290279597 0.031957390146471365
0 0.9894007989347537 0.035286284953395475 0.02119840213049258 0.027962716378162448
0 0.7366045272969376 0.48668442077230367 0.03880159786950728 0.0359520639147803
0 0.6733954727030627 0.581890812250333 0.030039946737683038 0.031957390146471386
0 0.6058055925432757 0.5173102529960053 0.03003994673768311 0.030625832223701722
0 0.7115712383488682 0.3901464713715047 0.026284953395472856 0.029294274300932132
0 0.74474034620506 0.3868175765645806 0.02002663115845536 0.01997336884154457
0 0.9268575233022637 0.8741677762982691 0.028788282290279455 0.03861517976031962
0 0.7710252996005328 0.9407456724367512 0.032543275632490064 0.02796271637816247
0 0.6877896138482025 0.9427430093209055 0.028788282290279597 0.023968042609853624
0 0.7015579227696405 0.9766977363515315 0.026284953395472713 0.030625832223701792
0 0.5062982689747004 0.8761651131824236 0.026284953395472713 0.03994673768308928
0 0.39677762982689757 0.8848202396804262 0.03504660452729688 0.03062583222370165
0 0.46874833555259654 0.8195739014647139 0.028788282290279667 0.017310252996005318
0 0.3122902796271638 0.70439414114514 0.026284953395472713 0.031957390146471455
0 0.18712383488681758 0.14580559254327566 0.011264980026631122 0.027962716378162434
0 0.1733555259653795 0.22237017310253002 0.028788282290279615 0.029294274300932094
0 0.02753661784287617 0.16644474034620507 0.03254327563249002 0.03728362183754994
0 0.026910785619174434 0.37483355525965384 0.021278295605858855 0.0359520639147803
0 0.148948069241012 0.9047936085219709 0.03003994673768311 0.03861517976031962
