0 0.6624500665778962 0.2330226364846871 0.042166000887705335 0.05326231691078562
0 0.9542831779849091 0.6018641810918774 0.02885042166000886 0.037283621837549956
0 0.9315357301375944 0.5053262316910785 0.03217931646693302 0.030625832223701722
0 0.9049045716822016 0.4660452729693742 0.027740790057700762 0.034620505992010636
0 0.9221038615179761 0.25033288948069243 0.02885042166000886 0.04527296937416775
0 0.8294496227252552 0.37749667110519314 0.03883710608078104 0.04127829560585887
0 0.8693963604083444 0.48535286284953394 0.021083000443852456 0.04394141145139813
0 0.9087882822902796 0.6118508655126499 0.03550821127385703 0.04660452729693738
0 0.9609409675987572 0.900133155792277 0.042166000887705335 0.05059920106524643
0 0.7096094096759876 0.481358189081225 0.03883710608078132 0.05725699067909453
0 0.6674434087882823 0.4873501997336884 0.04771415889924541 0.04793608521970711
0 0.6979582778517534 0.3888149134487351 0.03328894806924097 0.04793608521970704
0 0.7689747003994674 0.10386151797603196 0.03994673768308928 0.03994673768308921
0 0.7711939636040835 0.04327563249001331 0.042166000887705335 0.04926764314247669
0 0.5365068797159342 0.10918774966711052 0.038837106080781114 0.03994673768308923
0 0.32734132268086996 0.08255659121171771 0.04438526409232136 0.05326231691078562
0 0.4316466932978251 0.18308921438082557 0.03106968486462499 0.07323568575233025
0 0.7484465157567689 0.7390146471371505 0.043275632490013295 0.05326231691078562
0 0.5181979582778519 0.6884154460719042 0.017754105636928516 0.023968042609853624
0 0.458277851753218 0.5672436750998668 0.024411895250776753 0.034620505992010636
0 0.21859742565468265 0.14713715046604528 0.0421660008877053 0.06524633821571238
0 0.23746116289391925 0.3901464713715046 0.0355082112738571 0.04793608521970704
0 0.13925876608965826 0.1291611185086551 0.0388371060807812 0.05326231691078562
0 0.15867731913004884 0.02862849533954727 0.048823790501553506 0.03861517976031957
0 0.5820017754105637 0.2856191744340879 0.038837106080781184 0.03861517976031955
0 0.3417665335108744 0.27163781624500666 0.024411895250776753 0.042609853528628464
0 0.10652463382157125 0.22237017310252993 0.03994673768308925 0.037283621837549956
0 0.8244562805148692 0.5845539280958721 0.02663115845539281 0.04793608521970704
0 0.6080781180648026 0.34021304926764306 0.03328894806924104 0.04660452729693741
0 0.7878384376387041 0.44607190412782954 0.037727474478473084 0.04260985352862853
0 0.9282068353306703 0.033288948069241014 0.03217931646693302 0.026631158455392816
0 0.8338881491344874 0.10452729693741677 0.029960053262316818 0.02796271637816245
0 0.686307146027519 0.6005326231691078 0.03217931646693302 0.034620505992010636
0 0.7822902796271639 0.6364846870838881 0.026631158455392667 0.05592543275632487
