0 0.31705654354765167 0.4548563611491108 0.043926128590971274 0.06155950752393977
0 0.25905152758777933 0.7674418604651163 0.07433652530779757 0.09028727770177838
0 0.950606475148199 0.38714090287277697 0.042799817601459296 0.04924760601915182
0 0.8261491108071135 0.844733242134063 0.043926128590971274 0.0588235294117645
0 0.4882558139534883 0.8433652530779753 0.03716826265389876 0.04787961696306425
0 0.7067601459188327 0.24487004103967167 0.03942088463292308 0.04924760601915182
0 0.7546283629730962 0.10601915184678523 0.031536707706338374 0.04240766073871409
0 0.06307341541267669 0.23939808481532146 0.031536707706338346 0.04651162790697676
0 0.16725718194254446 0.3645690834473324 0.043926128590971295 0.045143638850889116
0 0.10981532147742819 0.5861833105335158 0.03716826265389876 0.04240766073871413
0 0.3919562243502053 0.5601915184678523 0.036041951664386715 0.045143638850889116
0 0.42180346557227544 0.2558139534883721 0.030410396716826257 0.03830369357045143
0 0.4358823529411765 0.3406292749658003 0.031536707706338304 0.03830369357045143
0 0.6560761513907889 0.38372093023255816 0.025905152758777916 0.036935704514363864
0 0.6622708618331054 0.6142270861833105 0.024778841769265796 0.04103967168262656
0 0.8368490652074783 0.5560875512995895 0.027031463748289894 0.03419972640218887
0 0.9331486548107617 0.5690834473324213 0.028157774737802156 0.0355677154582763
0 0.9843137254901961 0.9186046511627908 0.03137254901960787 0.045143638850889116
0 0.7061969904240766 0.9623803009575923 0.0225262197902417 0.03419972640218887
0 0.36041951664386684 0.8857729138166894 0.029284085727314134 0.03419972640218887
0 0.4454559963520292 0.8433652530779753 0.03942088463292293 0.053351573187414514
0 0.0591313269493844 0.380984952120383 0.032663018695850435 0.042407660738714055
0 0.03209986320109439 0.5554035567715458 0.03942088463292293 0.05198358413132695
0 0.2466621067031464 0.38372093023255816 0.038294573643410885 0.04787961696306432
0 0.19935704514363883 0.06361149110807113 0.03378932968536251 0.03693570451436388
0 0.01351573187414501 0.015047879616963064 0.02703146374829002 0.030095759233926128
0 0.8762699498404012 0.19699042407660738 0.0225262197902417 0.03283173734610124
0 0.9128750569995441 0.22982216142270862 0.028157774737802014 0.04377564979480162
0 0.819954400364797 0.3632010943912449 0.018020975832193357 0.023255813953488413
0 0.46347697218422257 0.5424076607387142 0.02365253077975382 0.031463748290013666
0 0.4505243958048335 0.6436388508891929 0.020273597811217528 0.0341997264021888
0 0.5338714090287278 0.6839945280437756 0.024778841769265866 0.03556771545827644
0 0.5119083447332422 0.7599179206566348 0.028157774737802087 0.039671682626538994
0 0.6408709530323758 0.7742818057455539 0.031536707706338374 0.04103967168262656
0 0.7214021887824899 0.7373461012311902 0.025905152758777916 0.0355677154582763
0 0.9607432740538075 0.6798905608755129 0.0225262197902417 0.03283173734610116
0 0.6093342453260374 0.7154582763337893 0.024778841769265866 0.03283173734610116
0 0.37280893752849975 0.792749658002736 0.0225262197902417 0.042407660738713986
0 0.0844733242134063 0.7783857729138167 0.02703146374829003 0.03830369357045129
0 0.10699954400364797 0.8618331053351573 0.03604195166438668 0.043775649794801696
0 0.03547879616963065 0.6730506155950752 0.021399908800729596 0.043775649794801696
0 0.31255129958960326 0.15663474692202464 0.023652530779753746 0.0341997264021888
0 0.48769265845873233 0.15526675786593708 0.0225262197902417 0.03967168262653898
0 0.469108527131783 0.22982216142270862 0.028157774737802087 0.03830369357045143
0 0.21512539899680802 0.2859097127222982 0.024778841769265866 0.03283173734610124
0 0.2449726402188783 0.02667578659370725 0.021399908800729613 0.03146374829001368
0 0.09066803465572276 0.2380300957592339 0.016894664842681272 0.027359781121751005
0 0.11938896488828091 0.14432284541723667 0.020273597811217528 0.02599179206566349
0 0.22582535339717283 0.14158686730506156 0.016894664842681272 0.028727770177838573
0 0.6228499772001824 0.05677154582763338 0.027031463748289967 0.03693570451436388
0 0.45671910624715006 0.057455540355677154 0.016894664842681237 0.027359781121751022
0 0.8762699498404012 0.3686730506155951 0.027031463748290036 0.031463748290013666
0 0.8402279981760146 0.4186046511627907 0.029284085727314134 0.04651162790697676
0 0.281014591883265 0.6648426812585498 0.030410396716826257 0.0355677154582763
0 0.20780437756497946 0.859781121751026 0.02815777473780212 0.031463748290013596
0 0.06363657090743274 0.8604651162790699 0.028157774737802094 0.03283173734610131
