0 0.16139531713302205 0.9111226611226613 0.02654987900889541 0.017671517671517593
0 0.3744930302307351 0.7032224532224532 0.016768344637197074 0.013513513513513544
0 0.2550185746907059 0.2983367983367983 0.023755154902695922 0.02079002079002077
0 0.25222385058450636 0.1845114345114345 0.02934460311509497 0.02182952182952185
0 0.1886438771684673 0.15332640332640335 0.025152516955795647 0.015592515592515586
0 0.872652602160799 0.15072765072765074 0.040523499539893065 0.027027027027027018
0 0.7957976892403121 0.25103950103950107 0.026549879008895372 0.01975051975051972
0 0.6225247946559422 0.22765072765072766 0.03213932722129442 0.022869022869022898
0 0.5470672437885553 0.27182952182952186 0.026549879008895372 0.01975051975051972
0 0.11528236938073004 0.33108108108108114 0.02096043079649636 0.015592515592515567
0 0.6525680787975869 0.9797297297297297 0.047510309805391844 0.02598752598752597
0 0.7804267066562148 0.7957380457380459 0.020960430796496326 0.011434511434511449
0 0.46112947752292016 0.9261954261954262 0.016768344637197147 0.010395010395010474
0 0.5121331924610613 0.9864864864864864 0.01537098258409742 0.014553014553014663
0 0.9711666269043319 0.42515592515592515 0.016768344637197004 0.022869022869022898
0 0.340257659929791 0.0914760914760915 0.02375515490269585 0.016632016632016633
0 0.13973620530997583 0.23024948024948025 0.01676834463719709 0.013513513513513509
0 0.30113152244299785 0.1897089397089397 0.015370982584097349 0.015592515592515567
0 0.7140520091339764 0.1917879417879418 0.016768344637197147 0.017671517671517662
