0 0.4055392809587217 0.6511318242343543 0.03754993342210383 0.03994673768308928
0 0.22905459387483362 0.3022636484687084 0.037549933422103866 0.03994673768308921
0 0.8573901464713716 0.21571238348868182 0.03754993342210383 0.03994673768308921
0 0.9324900133155793 0.7203728362183756 0.03754993342210383 0.03994673768308928
0 0.8273501997336885 0.8322237017310254 0.03754993342210383 0.03994673768308928
0 0.7935552596537951 0.8761651131824236 0.027536617842876154 0.037283621837549956
0 0.9187217043941412 0.4300932090545939 0.03754993342210383 0.03994673768308921
0 0.961278295605859 0.288948069241012 0.03754993342210383 0.03994673768308921
0 0.5044207723035953 0.37683089214380827 0.03754993342210383 0.03994673768308921
0 0.29539280958721703 0.2849533954727031 0.037549933422103866 0.03994673768308921
0 0.2641011984021305 0.12916111850865516 0.037549933422103866 0.03994673768308923
0 0.4418375499334221 0.14780292942743015 0.03754993342210383 0.03994673768308923
0 0.5231957390146472 0.06657789613848204 0.03754993342210383 0.03994673768308923
0 0.7059387483355526 0.31691078561917446 0.03754993342210383 0.03994673768308921
0 0.6771504660452731 0.3861517976031958 0.03754993342210383 0.03994673768308921
0 0.8636484687083889 0.4553928095872172 0.03754993342210383 0.03994673768308921
0 0.9856458055925432 0.42876165113182424 0.028708388814913378 0.03994673768308921
0 0.5332090545938749 0.5006657789613849 0.03754993342210383 0.03994673768308921
0 0.41430093209054597 0.49001331557922784 0.03754993342210383 0.03994673768308921
0 0.32543275632490015 0.5845539280958723 0.037549933422103866 0.03994673768308921
0 0.5319573901464715 0.7017310252996007 0.03754993342210383 0.03994673768308928
0 0.6959254327563249 0.6551264980026633 0.03754993342210383 0.03994673768308928
0 0.612063914780293 0.8575233022636486 0.03754993342210383 0.03994673768308928
0 0.5044207723035953 0.9320905459387485 0.03754993342210383 0.03994673768308928
0 0.38426098535286285 0.8695073235685754 0.03754993342210383 0.03994673768308928
0 0.06133155792276965 0.860186418109188 0.037549933422103866 0.03994673768308928
0 0.021278295605858855 0.2689747003994674 0.037549933422103866 0.03994673768308921
0 0.0963781624500666 0.3794940079893476 0.037549933422103866 0.03994673768308921
0 0.15770972037283623 0.4247669773635154 0.037549933422103866 0.03994673768308921
0 0.11014647137150467 0.5858854860186419 0.037549933422103866 0.03994673768308921
0 0.22905459387483362 0.5552596537949402 0.037549933422103866 0.03994673768308921
0 0.9637816245006658 0.6031957390146472 0.03754993342210383 0.03994673768308921
0 0.763515312916112 0.9547270306258323 0.03754993342210383 0.03994673768308928
0 0.23280958721704395 0.07856191744340879 0.037549933422103866 0.03994673768308921
0 0.8986950732356859 0.050599201065246346 0.03754993342210383 0.03994673768308921
0 0.4931557922769641 0.2263648468708389 0.03754993342210383 0.03994673768308921
0 0.6433555259653797 0.2663115845539281 0.03754993342210391 0.03994673768308921
0 0.37424766977363516 0.33288948069241014 0.03754993342210383 0.03994673768308925
0 0.3266844207723036 0.39280958721704406 0.03754993342210383 0.03994673768308921
0 0.12391478029294277 0.4247669773635154 0.037549933422103866 0.03994673768308921
0 0.633342210386152 0.7496671105193077 0.03754993342210391 0.03994673768308928
0 0.7810386151797603 0.5512649800266313 0.03754993342210383 0.03994673768308921
0 0.8636484687083889 0.5312916111850866 0.03754993342210383 0.03994673768308921
0 0.8511318242343543 0.6151797603195739 0.03754993342210383 0.03994673768308921
0 0.6796537949400799 0.7869507323568576 0.03754993342210383 0.03994673768308928
0 0.5519840213049269 0.8535286284953397 0.03754993342210383 0.03994673768308928
0 0.44308921438082555 0.9813581890812252 0.03754993342210383 0.03728362183754967
0 0.2090279627163782 0.8801597869507325 0.037549933422103866 0.03994673768308928
0 0.2716111850865513 0.577896138482024 0.037549933422103866 0.03994673768308921
0 0.10889480692410121 0.5153129161118509 0.037549933422103866 0.03994673768308921
0 0.026284953395472703 0.4300932090545939 0.037549933422103866 0.03994673768308921
0 0.12141145139813585 0.10386151797603198 0.037549933422103866 0.03994673768308923
0 0.07384820239680426 0.03728362183754994 0.03754993342210386 0.03994673768308922
0 0.9374966711051931 0.14247669773635155 0.03754993342210383 0.03994673768308923
0 0.9525166444740347 0.04127829560585886 0.03754993342210383 0.03994673768308923
0 0.5482290279627164 0.15579227696404796 0.03754993342210383 0.03994673768308921
0 0.3692410119840213 0.10785619174434088 0.03754993342210383 0.03994673768308921
0 0.38801597869507326 0.7616511318242345 0.03754993342210383 0.03994673768308928
0 0.16021304926764315 0.756324900133156 0.037549933422103866 0.03994673768308928
0 0.7096937416777629 0.9760319573901467 0.03754993342210383 0.03994673768308928
0 0.9324900133155793 0.8055925432756327 0.03754993342210383 0.03994673768308928
0 0.8899334221038616 0.7097203728362186 0.03754993342210383 0.03994673768308928
