0 0.9656265604194408 0.13049267643142476 0.04523655958721704 0.03994673768308919
0 0.25866032789613846 0.08655126498002662 0.06031541278295606 0.06125166444740346
0 0.5828556716045273 0.44607190412782954 0.04059691245006661 0.05326231691078562
0 0.24822112183754988 0.2576564580559254 0.05567576564580559 0.04926764314247674
0 0.3526131824234354 0.170439414114514 0.03015770639147803 0.047936085219707075
0 0.028417838715046603 0.2789613848202397 0.056835677430093205 0.07057256990679096
0 0.07945395722370173 0.4167776298268974 0.04291673601864181 0.04260985352862853
0 0.13918941411451397 0.4647137150466045 0.044076647802929435 0.04527296937416778
0 0.22618279793608523 0.4567243675099867 0.032477529960053285 0.034620505992010636
0 0.3352145056591212 0.563249001331558 0.0347973535286285 0.03994673768308921
0 0.5289197736351532 0.7263648468708389 0.034797353528628464 0.03861517976031962
0 0.849635381990679 0.5559254327563249 0.04059691245006647 0.04394141145139805
0 0.3502933588548601 0.6504660452729694 0.018558588548601877 0.01997336884154464
0 0.4367067867842876 0.9500665778961386 0.04291673601864176 0.03328894806924097
0 0.36827199151131823 0.6764314247669774 0.0313176181757656 0.029294274300932132
0 0.456425287117177 0.7210386151797604 0.035957265312916105 0.030625832223701792
0 0.48368321404793607 0.3515312916111851 0.025518059254327596 0.034620505992010706
0 0.6773884820239681 0.28029294274300937 0.025518059254327596 0.04394141145139813
0 0.19660504743675097 0.8648468708388816 0.022038323901464735 0.035952063914780154
0 0.030737662283621833 0.9314247669773635 0.03131761817576564 0.030625832223701792
0 0.8130981607856191 0.836884154460719 0.018558588548601877 0.025299600532623145
0 0.8032389106191744 0.8761651131824234 0.03131761817576575 0.029294274300932132
0 0.7806206308255659 0.888814913448735 0.02087841211717702 0.0199733688415445
0 0.8948719415778961 0.703728362183755 0.02667797103861517 0.0359520639147803
0 0.8884924267643143 0.18508655126498003 0.051036118508655054 0.04793608521970704
0 0.9656265604194408 0.374167776298269 0.028997794607190458 0.037283621837549956
0 0.7458232772969374 0.4241011984021305 0.032477529960053174 0.04394141145139813
0 0.5097812291944074 0.45539280958721706 0.038277088881491325 0.02663115845539281
