0 0.28477414330218065 0.7141744548286604 0.027647975077881633 0.03271028037383189
0 0.4161020249221184 0.19314641744548286 0.04147196261682239 0.043613707165109046
0 0.49144275700934587 0.3387850467289719 0.015206386292834892 0.020249221183800615
0 0.7077881619937696 0.040498442367601244 0.03317757009345783 0.028037383177570093
0 0.5031931464174455 0.6285046728971962 0.016588785046728987 0.020249221183800615
0 0.5107963395638628 0.7048286604361371 0.020735981308411127 0.020249221183800757
0 0.14791666666666667 0.7352024922118381 0.030412772585669785 0.03738317757009341
0 0.136857476635514 0.6098130841121495 0.022118380062305293 0.029595015576324
0 0.9669879283489097 0.7110591900311526 0.01797118380062301 0.026479750778816254
0 0.9275895638629286 0.7133956386292835 0.02488317757009341 0.018691588785046634
0 0.8709112149532712 0.8348909657320871 0.01105919003115261 0.024922118380062416
0 0.8543224299065421 0.9353582554517135 0.01105919003115261 0.020249221183800757
0 0.8280568535825545 0.9182242990654206 0.011059190031152752 0.023364485981308435
0 0.783128894080997 0.9875389408099688 0.020735981308411196 0.018691588785046634
0 0.3849980529595015 0.04984423676012461 0.03179517133956388 0.03738317757009345
0 0.4195580218068536 0.02102803738317757 0.026265576323987575 0.026479750778816195
0 0.42716121495327103 0.05685358255451713 0.013823987538940869 0.020249221183800615
0 0.10022390965732088 0.3956386292834891 0.020735981308411235 0.024922118380062343
0 0.2267133956386293 0.4719626168224299 0.016588785046728987 0.018691588785046776
0 0.22740459501557633 0.3862928348909657 0.012441588785046705 0.021806853582554454
0 0.031103971962616824 0.08255451713395638 0.015206386292834892 0.0280373831775701
0 0.1092095015576324 0.49221183800623053 0.019353582554517138 0.021806853582554523
0 0.056678348909657325 0.48676012461059187 0.013823987538940817 0.023364485981308362
0 0.07879672897196263 0.3317757009345794 0.013823987538940808 0.018691588785046703
0 0.0698111370716511 0.7538940809968847 0.015206386292834892 0.024922118380062273
0 0.392601246105919 0.7352024922118381 0.022118380062305293 0.021806853582554596
0 0.7706873052959503 0.24376947040498442 0.017971183800623153 0.01713395638629283
0 0.8328952492211839 0.2780373831775701 0.012441588785046634 0.02024922118380065
0 0.33868769470404986 0.12383177570093457 0.019353582554517176 0.01713395638629283
0 0.821144859813084 0.7772585669781931 0.019353582554517176 0.015576323987538956
0 0.8322040498442368 0.7523364485981309 0.01105919003115261 0.009345794392523317
0 0.8176888629283491 0.7468847352024922 0.015206386292834821 0.020249221183800615
0 0.5349883177570094 0.37383177570093457 0.008294392523364493 0.012461059190031137
0 0.6345210280373833 0.050623052959501556 0.019353582554517176 0.014018691588785047
0 0.662860202492212 0.0794392523364486 0.015206386292834821 0.012461059190031154
0 0.6545658099688474 0.09890965732087227 0.012441588785046634 0.010903426791277262
0 0.43683800623052976 0.13707165109034267 0.022118380062305112 0.01869158878504674
0 0.3808508566978193 0.27180685358255446 0.01797118380062308 0.020249221183800615
0 0.18869742990654206 0.15654205607476634 0.01797118380062308 0.014018691588785047
0 0.26887655763239876 0.1822429906542056 0.023500778816199386 0.015576323987538956
0 0.2253309968847352 0.6830218068535825 0.024883177570093444 0.020249221183800615
0 0.24537577881619937 0.7531152647975078 0.015206386292834892 0.020249221183800615
0 0.6856697819314641 0.3169781931464174 0.019353582554517176 0.017133956386292795
0 0.7720697040498442 0.4766355140186916 0.020735981308411196 0.018691588785046703
0 0.8308216510903427 0.4275700934579439 0.019353582554517034 0.017133956386292865
0 0.6614778037383178 0.9174454828660435 0.015206386292834963 0.015576323987538956
0 0.6732281931464175 0.9727414330218069 0.019353582554517176 0.026479750778816254
