0 0.3644859813084112 0.40109034267912774 0.062305295950155826 0.051401869158878455
0 0.6012461059190031 0.37928348909657317 0.04984423676012455 0.06074766355140191
0 0.48442367601246106 0.45950155763239875 0.08099688473520246 0.06542056074766357
0 0.4454828660436137 0.542834890965732 0.059190031152648 0.051401869158878524
0 0.3909657320872274 0.6440809968847351 0.04049844236760123 0.04205607476635514
0 0.4182242990654206 0.16510903426791276 0.07320872274143297 0.046728971962616814
0 0.6518691588785046 0.7780373831775701 0.03271028037383182 0.029595015576323932
0 0.5778816199376946 0.025700934579439248 0.0467289719626168 0.03582554517133956
0 0.4587227414330218 0.40420560747663553 0.04517133956386296 0.03271028037383175
0 0.4618380062305296 0.6066978193146417 0.03894080996884739 0.03582554517133957
0 0.5443925233644858 0.6222741433021807 0.035825545171339644 0.03582554517133957
0 0.3738317757009345 0.7227414330218067 0.049844236760124616 0.049844236760124686
0 0.17133956386292834 0.6596573208722742 0.031152647975077895 0.03894080996884739
0 0.75 0.2780373831775701 0.026479750778816254 0.038940809968847356
0 0.45716510903426794 0.33255451713395634 0.04517133956386296 0.04205607476635517
0 0.4961059190031151 0.5210280373831773 0.2943925233644858 0.2601246105918998
0 0.6744548286604362 0.6931464174454828 0.028037383177570093 0.028037383177570093
0 0.6838006230529595 0.5280373831775701 0.028037383177570093 0.021806853582554523
0 0.7710280373831776 0.5404984423676013 0.031152647975077913 0.031152647975077913
0 0.8403426791277258 0.6736760124610592 0.035825545171339714 0.029595015576323932
