0 0.5629355121409029 0.19220246238030098 0.05469818741450069 0.0341997264021888
0 0.8375659947845417 0.20930232558139536 0.02962818484952109 0.01641586867305062
0 0.822751902359781 0.26402188782489744 0.018232729138166946 0.01641586867305058
0 0.8341473580711355 0.3064295485636115 0.022790911422708574 0.01915184678522575
0 0.08611145299827999 0.3795988106244556 0.017573765918016314 0.011075799012339474
0 0.6137637746867202 0.332394810071866 0.02196720739752031 0.013712894015277541
0 0.6612129426653641 0.3381964190783295 0.020209830805718667 0.012658056014102215
0 0.7284325973017767 0.35481011759683867 0.01581638932621459 0.010020961011164288
0 0.8057571673410484 0.325802072564521 0.014059012734413017 0.010020961011164288
0 0.532924451463845 0.33714158107715436 0.016695077622115518 0.009493542010576662
0 0.5992654178043567 0.3556012460977201 0.012301636142611514 0.008438704009401476
0 0.6317768847526868 0.3553375365974263 0.015816389326214805 0.011075799012339545
0 0.6076129566154144 0.3672044641106471 0.01669507762211545 0.01160321801292703
0 0.542590022718754 0.3703689781141727 0.018452454213917023 0.008438704009401476
0 0.30007205305012874 0.4115076601600051 0.020209830805718774 0.014767732016452727
0 0.270196650989501 0.41651814066558723 0.01669507762211545 0.012130637013514587
0 0.2556982941071375 0.39858589464560906 0.012301636142611478 0.012130637013514729
0 0.22889830108216264 0.38434558162974397 0.018452454213917165 0.016349989018215397
0 0.2064917495366918 0.386982676632682 0.026360648877024495 0.01951450302174102
0 0.1577245491141965 0.3669407546103534 0.021967207397520384 0.016349989018215466
0 0.17925241236376654 0.46108504621523894 0.01933114250981795 0.012658056014102286
0 0.1726622501445104 0.5293858067913324 0.021967207397520384 0.016349989018215397
0 0.23373108670961712 0.5045971137637154 0.01757376591801634 0.010020961011164217
0 0.16211799059370058 0.5446809578083726 0.018452454213917148 0.014240313015865027
0 0.05052457701429693 0.528594678290451 0.014937701030313874 0.009493542010576733
0 0.6032195151359103 0.48429148224109314 0.02020983080571881 0.012658056014102286
0 0.9037309123339895 0.5006414712593085 0.016695077622115518 0.010548380011751774
0 0.4512064399450692 0.12684426964131643 0.025481960581123602 0.01529515101704023
0 0.5030490494032174 0.22573533225149034 0.02020983080571874 0.016877408018802987
0 0.20780978198054303 0.2220433992473772 0.018452454213917092 0.012658056014102286
0 0.26448517706614566 0.11286766612574517 0.026360648877024426 0.01582257001762782
0 0.3308261434066573 0.1395023256554187 0.025481960581123602 0.015295151017040248
0 0.3167671306722442 0.061708023068748535 0.02020983080571874 0.012658056014102269
0 0.042616382351189586 0.06408140857139272 0.0325114669483302 0.020569341022916177
0 0.08391473225852795 0.1387111971545373 0.020209830805718774 0.012658056014102269
0 0.24207862552067488 0.074102369582557 0.02020983080571881 0.011075799012339474
0 0.4068326810020779 0.03401852553789984 0.021088519101619595 0.013185475014689864
0 0.43626873891475526 0.041402391546126155 0.02020983080571874 0.011075799012339477
0 0.2346097750055179 0.022942726525560352 0.01933114250981795 0.010020961011164292
0 0.13048521194127122 0.021887888524385165 0.020209830805718774 0.008966123009989104
0 0.2227474830108569 0.12658056014102262 0.016695077622115518 0.007383866008226328
0 0.6528654038543064 0.15822570017627827 0.017573765918016165 0.013712894015277435
0 0.8154227385959575 0.10785718562016303 0.012301636142611443 0.007911285008813919
0 0.8347538811057754 0.06645479407403687 0.012301636142611443 0.008438704009401504
0 0.8611145299827999 0.004746771005288349 0.014059012734413017 0.009493542010576698
0 0.8993374708544855 0.21940630424443924 0.011422947846710656 0.008438704009401513
0 0.9037309123339895 0.30221108733669155 0.011422947846710656 0.007383866008226328
0 0.8800063283446675 0.33754816037606034 0.014937701030313945 0.009493542010576733
0 0.872976821977461 0.3578537918986827 0.018452454213917092 0.01002096101116436
0 0.834314536957825 0.3676110434095532 0.014937701030313945 0.008438704009401476
0 0.5184260945814816 0.3325376798704782 0.021088519101619595 0.007911285008813919
0 0.34796056517672325 0.2850699698175947 0.015816389326214732 0.007911285008813955
0 0.3958490773033177 0.1830143932038952 0.01318032443851223 0.008438704009401513
0 0.22099010641905528 0.18090471720154483 0.011422947846710656 0.009493542010576696
0 0.11950160824251103 0.16455472818332942 0.012301636142611426 0.008438704009401513
0 0.02811802546882612 0.17193859419155572 0.022845895693421225 0.01265805601410225
0 0.05579670678970183 0.296409478330228 0.01669507762211551 0.009493542010576662
0 0.11642619920685815 0.3320102608698906 0.014937701030313874 0.010020961011164288
0 0.525455600948688 0.6139157166839597 0.015816389326214805 0.009493542010576733
0 0.3905769475279128 0.6046858841736769 0.021967207397520384 0.013185475014689772
0 0.4257244793639454 0.5814794481478228 0.01669507762211545 0.008966123009988962
0 0.4309966091393504 0.6344850577068759 0.02020983080571874 0.009493542010576733
0 0.04657047968274325 0.6015213701701513 0.029875402060627745 0.014240313015865098
0 0.17661634747606406 0.49076338004675646 0.015816389326214698 0.011075799012339403
0 0.6998752276850001 0.578578643644591 0.011422947846710513 0.007383866008226363
0 0.5333637956117954 0.560382688124319 0.012301636142611372 0.008966123009989104
0 0.5043670818470685 0.6052133031742646 0.008786882959008153 0.008966123009988962
0 0.3554294156918802 0.5065859500643843 0.018452454213917092 0.012130637013514729
0 0.42220972618034225 0.49445531305086976 0.011422947846710585 0.007911285008813919
0 0.5465441200503076 0.48390693303911775 0.010544259550809726 0.007911285008813919
0 0.4722949590466887 0.3755223284183672 0.01318032443851223 0.008438704009401334
0 0.2548196058112367 0.3686658814107285 0.012301636142611372 0.007383866008226363
0 0.30929828015708727 0.4467238934976924 0.010544259550809797 0.0063290280070511075
0 0.22714092449036097 0.5883358951554615 0.014937701030313874 0.007911285008813919
0 0.15860323741009733 0.7135979077950151 0.02548196058112367 0.015822570017627557
0 0.2934818908308726 0.6930285667720989 0.019331142509817986 0.012658056014102215
0 0.2214294505670057 0.642132633215396 0.012301636142611443 0.007911285008813919
0 0.48767200422495305 0.7070051702876703 0.014059012734413089 0.008966123009989104
0 0.5746621455191339 0.7362769248202816 0.021088519101619595 0.012658056014102215
0 0.9090030421093944 0.6935559857726865 0.02020983080571881 0.011603218012926958
0 0.9498620478687824 0.6595374602347868 0.01757376591801645 0.012130637013514729
0 0.05491801849380101 0.8654945799642423 0.02548196058112367 0.01793224601997821
0 0.11994095239046143 0.8818445689824577 0.02196720739752042 0.011603218012927243
0 0.10588193965604836 0.7600107798467235 0.018452454213917165 0.010548380011751846
0 0.10192784232449469 0.7834809253728713 0.01581638932621468 0.010020961011164217
0 0.38750153849225993 0.7639664223511303 0.017573765918016307 0.011075799012339474
0 0.38442612945660715 0.8744607029742313 0.01318032443851223 0.008438704009401476
0 0.6537440921502073 0.8494083004463207 0.017573765918016307 0.010020961011164217
0 0.13180324438512245 0.8391236299348626 0.01581638932621468 0.008438704009401476
0 0.8158620827439077 0.8963621663845379 0.018452454213917092 0.010020961011164502
0 0.719206370194818 0.9485766474427098 0.016695077622115518 0.01002096101116436
0 0.9397571324659231 0.7684630587420463 0.016695077622115518 0.010548380011751846
0 0.9041702564819399 0.7808574052558547 0.014059012734413158 0.01002096101116436
0 0.9472259829810799 0.8544323558378241 0.010544259550809868 0.010548380011751703
