0 0.33860656801661476 0.6557632398753894 0.027940031152648002 0.031152647975077913
0 0.5341867860851506 0.9353582554517135 0.02527907580477674 0.029595015576324074
0 0.7211188992731049 0.6728971962616822 0.02128764278296984 0.028037383177570093
0 0.8508404724818277 0.3169781931464174 0.022618120456905474 0.038940809968847356
0 0.5109034267912773 0.11993769470404983 0.026609553478712442 0.03426791277258566
0 0.5920625649013499 0.1261682242990654 0.029270508826583566 0.021806853582554506
0 0.6918483904465214 0.2398753894080997 0.02660955347871237 0.040498442367601195
0 0.4004737798546209 0.18769470404984426 0.03193146417445483 0.032710280373831786
0 0.11375584112149532 0.589563862928349 0.03858385254413291 0.03894080996884746
0 0.8707976375908618 0.028816199376947037 0.022618120456905474 0.0264797507788162
0 0.9779010903426791 0.18380062305295952 0.018626687435098575 0.021806853582554523
0 0.08115913811007269 0.8714953271028036 0.023948598130841114 0.020249221183800473
