0 0.5240107699124092 0.3991683991683992 0.04471558569919232 0.035343035343035394
0 0.46112947752292016 0.43295218295218296 0.030741965168194624 0.028066528066528065
0 0.6840087249923316 0.44646569646569645 0.03213932722129442 0.02598752598752604
0 0.3053236086022971 0.7214137214137213 0.020960430796496326 0.014553014553014663
0 0.01467230155754746 0.7815910862785863 0.02934460311509492 0.020562629937629993
0 0.150216420708224 0.3300415800415801 0.09362325755768376 0.07796257796257794
0 0.282965815752701 0.4163201663201663 0.048907671858491535 0.032224532224532254
0 0.9690705838246823 0.2079002079002079 0.026549879008895515 0.02494802494802496
0 0.41850993490337757 0.21257796257796258 0.026549879008895445 0.015592515592515604
0 0.767850448178317 0.1548856548856549 0.026549879008895372 0.01663201663201665
0 0.8062779046385604 0.07432432432432433 0.022357792849596193 0.017671517671517672
0 0.8405132749395046 0.3175675675675676 0.023755154902695922 0.01975051975051972
0 0.826539654408507 0.4828482328482329 0.01816570669029673 0.015592515592515567
0 0.5924815105142974 0.9132016632016632 0.02794724106199517 0.015592515592515638
0 0.6805153198595822 0.87006237006237 0.025152516955795647 0.018711018711018566
0 0.6993797075764289 0.8310810810810811 0.020960430796496326 0.015592515592515496
0 0.6567601649568863 0.7765072765072765 0.016768344637197147 0.012474012474012426
0 0.9509048771343853 0.9106029106029107 0.020960430796496326 0.012474012474012426
0 0.8992024811696941 0.9854469854469855 0.020960430796496468 0.020790020790020805
0 0.5743158038240006 0.35239085239085244 0.02235779284959605 0.016632016632016685
0 0.2773763675403019 0.10446985446985448 0.012576258477897824 0.009355509355509354
0 0.582699976142599 0.0550935550935551 0.01956306874339667 0.014553014553014556
0 0.5296002181248083 0.10862785862785863 0.016768344637197074 0.015592515592515586
0 0.5037490201424627 0.2874220374220374 0.015370982584097349 0.011434511434511449
0 0.38776796973518285 0.327962577962578 0.020960430796496326 0.011434511434511449
0 0.42619542619542616 0.6351351351351352 0.016768344637197074 0.012474012474012568
0 0.5177226406734604 0.6283783783783784 0.01537098258409742 0.013513513513513473
0 0.4639242016291197 0.5395010395010396 0.011178896424798097 0.008316008316008308
0 0.04261954261954262 0.5987525987525987 0.015370982584097335 0.012474012474012497
0 0.1236665416993286 0.581081081081081 0.015370982584097349 0.008316008316008308
0 0.1662860843188712 0.4974012474012474 0.01676834463719713 0.013513513513513544
0 0.0433182236460925 0.21777546777546783 0.01956306874339662 0.015592515592515604
0 0.4164138918237279 0.7629937629937631 0.01397362053099755 0.012474012474012568
0 0.2864592208854504 0.9714137214137214 0.01676834463719711 0.013513513513513544
0 0.3598207286731877 0.8773388773388774 0.018165706690296872 0.012474012474012426
0 0.2501278075048567 0.7307692307692306 0.013973620530997585 0.010395010395010474
0 0.8824341365324971 0.25467775467775466 0.018165706690296872 0.016632016632016616
0 0.4401690467264238 0.4220374220374221 0.016768344637197074 0.020790020790020732
0 0.16838212739852082 0.409043659043659 0.020960430796496378 0.013513513513513544
