0 0.7049691557888279 0.3102910602910603 0.060086568283289524 0.044698544698544715
0 0.6623496131692853 0.41320166320166324 0.04471558569919239 0.03638253638253637
0 0.5212160458062097 0.41060291060291065 0.03353668927439422 0.027027027027027018
0 0.4492519000715722 0.38981288981288986 0.023755154902695922 0.016632016632016685
0 0.38776796973518285 0.30509355509355507 0.02375515490269585 0.015592515592515567
0 0.23964759210660852 0.5774428274428274 0.03772877543369347 0.03014553014553016
0 0.16419004123922157 0.5862785862785863 0.03493405132749395 0.02910602910602911
0 0.6434852254524387 0.7370062370062371 0.02934460311509511 0.024948024948024995
0 0.5386830714699568 0.83991683991684 0.054497120070890616 0.04158004158004161
0 0.08244436113288572 0.8456340956340956 0.025152516955795637 0.017671517671517735
0 0.0761562318939368 0.9267151767151768 0.018165706690296865 0.017671517671517735
0 0.30811833270849665 0.5706860706860707 0.020960430796496326 0.01871101871101864
0 0.22148188541631164 0.14604989604989604 0.02096043079649636 0.015592515592515586
0 0.8516921713643025 0.10966735966735967 0.02934460311509497 0.021829521829521834
0 0.7783306635765652 0.14604989604989604 0.030741965168194555 0.02598752598752599
0 0.617634027470093 0.056133056133056136 0.02235779284959605 0.016632016632016633
0 0.9669745407450325 0.18555093555093558 0.022357792849596193 0.017671517671517662
0 0.9802494802494803 0.40540540540540543 0.018165706690296872 0.01455301455301452
0 0.9669745407450325 0.6148648648648648 0.022357792849596193 0.013513513513513473
0 0.651869397771037 0.5774428274428274 0.01816570669029673 0.015592515592515496
0 0.23755154902695885 0.30561330561330563 0.01676834463719711 0.01663201663201665
0 0.0041920861592992745 0.34344139812889807 0.008384172318598549 0.015365124740124756
0 0.03563273235404383 0.19594594594594597 0.015370982584097343 0.015592515592515604
0 0.1809583858764187 0.06444906444906445 0.015370982584097349 0.01247401247401247
0 0.3758903922838349 0.035862785862785865 0.01397362053099755 0.013513513513513513
0 0.25431989366415597 0.32848232848232856 0.011178896424798062 0.010395010395010403
0 0.2571146177703555 0.46205821205821207 0.013973620530997622 0.013513513513513473
0 0.14532565352237484 0.49272349272349275 0.013973620530997585 0.012474012474012497
0 0.03144064619474455 0.9002079002079003 0.01816570669029685 0.012474012474012426
0 0.15510718789407313 0.8887733887733887 0.019563068743396597 0.014553014553014379
0 0.4569373913636208 0.8747401247401249 0.01956306874339667 0.013513513513513686
