0 0.47702492211838005 0.7398753894080997 0.025311526479750768 0.05295950155763236
0 0.07690809968847352 0.7538940809968847 0.03309968847352025 0.062305295950155826
0 0.17572040498442365 0.7601246105919003 0.03212616822429906 0.056074766355140186
0 0.055490654205607476 0.3387850467289719 0.027258566978193156 0.05451713395638631
0 0.07739485981308411 0.1059190031152648 0.02239096573208723 0.046728971962616814
0 0.6824376947040497 0.0763239875389408 0.025311526479750768 0.056074766355140186
0 0.5845989096573209 0.2219626168224299 0.0243380062305296 0.051401869158878524
0 0.5266744548286604 0.15109034267912771 0.029205607476635434 0.040498442367601244
0 0.5052570093457944 0.11526479750778815 0.019470404984423765 0.03738317757009344
0 0.46972352024922115 0.08411214953271028 0.0243380062305296 0.04672897196261682
0 0.4205607476635514 0.05373831775700934 0.011682242990654217 0.02959501557632398
0 0.41812694704049846 0.10825545171339562 0.014602803738317717 0.04205607476635514
0 0.4030373831775701 0.17445482866043613 0.023364485981308435 0.049844236760124616
0 0.36020249221183803 0.2507788161993769 0.023364485981308362 0.03738317757009344
0 0.5407904984423676 0.4275700934579439 0.026285046728971865 0.057632398753894094
0 0.38551401869158874 0.6144859813084111 0.031152647975077913 0.04828660436137071
0 0.35436137071651097 0.5366043613707165 0.0272585669781931 0.04828660436137085
0 0.7393886292834889 0.632398753894081 0.03212616822429894 0.04361370716510898
0 0.883956386292835 0.6900311526479751 0.03115264797507777 0.049844236760124686
0 0.8031542056074765 0.8169781931464175 0.01752336448598129 0.03894080996884739
0 0.7681074766355139 0.8956386292834891 0.033099688473520246 0.07165109034267914
0 0.8235981308411214 0.8746105919003117 0.02141744548286596 0.03271028037383175
0 0.8897975077881619 0.9813084112149534 0.019470404984423623 0.03738317757009341
0 0.273072429906542 0.9704049844236761 0.02628504672897197 0.046728971962616724
0 0.2273169781931464 0.9228971962616822 0.0243380062305296 0.03271028037383175
0 0.09589174454828661 0.8224299065420562 0.02628504672897195 0.03738317757009341
0 0.1319119937694704 0.8411214953271028 0.02823208722741434 0.04984423676012455
0 0.06376557632398754 0.6300623052959502 0.03602024922118379 0.06074766355140184
0 0.07982866043613707 0.5264797507788161 0.031152647975077895 0.049844236760124616
0 0.19470404984423673 0.661214953271028 0.027258566978193174 0.04205607476635507
0 0.1445677570093458 0.6705607476635513 0.022390965732087213 0.045171339563862885
0 0.33099688473520245 0.7577881619937695 0.0233644859813084 0.029595015576323932
0 0.32807632398753894 0.7881619937694704 0.0214174454828661 0.024922118380062273
0 0.30227803738317754 0.764018691588785 0.02239096573208723 0.023364485981308435
0 0.2764797507788162 0.6651090342679129 0.01557632398753892 0.024922118380062416
0 0.30909267912772587 0.6362928348909657 0.018496884735202456 0.02959501557632386
0 0.20200545171339562 0.5615264797507789 0.020443925233644862 0.03894080996884746
0 0.2331580996884735 0.5872274143302181 0.01849688473520253 0.03426791277258573
0 0.24240654205607476 0.6565420560747662 0.021417445482866063 0.03271028037383175
0 0.22342289719626166 0.6222741433021807 0.01849688473520249 0.020249221183800684
0 0.22244937694704048 0.6892523364485982 0.012655763239875384 0.023364485981308435
0 0.227803738317757 0.8785046728971964 0.01557632398753892 0.03115264797507777
0 0.429322429906542 0.7165109034267914 0.02141744548286603 0.03426791277258573
0 0.45512071651090336 0.8006230529595015 0.022390965732087195 0.04984423676012455
0 0.48724688473520245 0.7866043613707165 0.026285046728972007 0.04049844236760137
0 0.4935747663551402 0.853582554517134 0.029205607476635507 0.049844236760124686
0 0.47994548286604355 0.5981308411214953 0.02141744548286603 0.03115264797507784
0 0.592873831775701 0.572429906542056 0.0214174454828661 0.038940809968847245
0 0.6074766355140186 0.6705607476635513 0.023364485981308435 0.04828660436137056
0 0.6293808411214953 0.7531152647975078 0.01849688473520253 0.038940809968847245
0 0.6386292834890966 0.7873831775700935 0.02141744548286603 0.04205607476635521
0 0.7802764797507789 0.6853582554517135 0.0184968847352026 0.043613707165109046
0 0.8878504672897196 0.30607476635514014 0.031152647975077913 0.04205607476635514
0 0.7817367601246106 0.21573208722741433 0.023364485981308577 0.04517133956386292
0 0.648851246105919 0.17601246105919002 0.026285046728972077 0.040498442367601244
0 0.6152647975077881 0.13862928348909656 0.01752336448598129 0.03426791277258566
0 0.6026090342679128 0.20249221183800623 0.025311526479750768 0.04984423676012461
0 0.2341316199376947 0.07087227414330219 0.02239096573208723 0.042056074766355145
0 0.18156152647975077 0.17289719626168223 0.020443925233644862 0.04984423676012464
0 0.1616043613707165 0.19548286604361373 0.019470404984423678 0.05451713395638631
0 0.12947819314641745 0.21495327102803738 0.025311526479750768 0.049844236760124616
0 0.0360202492211838 0.08878504672897196 0.02141744548286604 0.04049844236760126
0 0.11536214953271028 0.11604361370716511 0.03017912772585669 0.038940809968847336
0 0.13872663551401868 0.38239875389408096 0.020443925233644862 0.029595015576323932
0 0.8284657320872273 0.5490654205607477 0.0214174454828661 0.03271028037383182
0 0.9822819314641744 0.8239875389408098 0.01752336448598129 0.028037383177570093
0 0.7359813084112149 0.1277258566978193 0.011682242990654288 0.031152647975077875
0 0.7895249221183801 0.11526479750778815 0.02141744548286596 0.024922118380062308
0 0.741822429906542 0.031152647975077875 0.031152647975077913 0.037383177570093455
0 0.5845989096573209 0.020249221183800622 0.01654984423676005 0.024922118380062305
0 0.27940031152647976 0.29049844236760125 0.015576323987538956 0.032710280373831786
0 0.2448403426791277 0.3839563862928349 0.01849688473520249 0.023364485981308435
0 0.5841121495327103 0.8652647975077881 0.023364485981308362 0.029595015576324074
0 0.37480529595015577 0.883956386292835 0.02141744548286596 0.020249221183800473
0 0.30714563862928346 0.910436137071651 0.012655763239875384 0.023364485981308292
0 0.40401090342679125 0.8722741433021807 0.0214174454828661 0.031152647975077913
0 0.42494158878504673 0.8722741433021807 0.016549844236760123 0.028037383177570093
0 0.7963395638629283 0.3582554517133956 0.011682242990654146 0.043613707165109046
0 0.7851440809968847 0.3878504672897196 0.012655763239875313 0.021806853582554523
0 0.8352803738317757 0.29595015576323985 0.02141744548286596 0.03426791277258566
0 0.9715732087227414 0.3917445482866044 0.015576323987538956 0.03271028037383175
0 0.8975856697819314 0.5366043613707165 0.023364485981308577 0.03582554517133957
0 0.787091121495327 0.6137071651090342 0.0243380062305296 0.018691588785046703
0 0.49990264797507783 0.3940809968847352 0.016549844236760123 0.028037383177570093
0 0.4025506230529595 0.43146417445482865 0.020443925233644862 0.03426791277258566
0 0.40401090342679125 0.5911214953271028 0.013629283489096622 0.023364485981308504
0 0.41861370716510904 0.5934579439252335 0.01362928348909655 0.021806853582554523
0 0.43321651090342683 0.5623052959501557 0.01362928348909655 0.03426791277258566
0 0.06863317757009346 0.27803738317757004 0.020443925233644862 0.03582554517133957
0 0.017523364485981307 0.8598130841121496 0.011682242990654205 0.028037383177570093
0 0.8907710280373832 0.07242990654205607 0.01752336448598129 0.029595015576323984
0 0.5675623052959502 0.1526479750778816 0.013629283489096622 0.01869158878504674
0 0.4585280373831776 0.2313084112149533 0.01362928348909655 0.0233644859813084
0 0.5597741433021807 0.28115264797507783 0.01752336448598129 0.026479750778816216
0 0.10075934579439252 0.4587227414330218 0.02628504672897195 0.029595015576324
0 0.05500389408099689 0.36838006230529596 0.012655763239875384 0.03271028037383175
