0 0.43868243243243243 0.841995841995842 0.020660083160083147 0.016632016632016616
0 0.6487266112266112 0.6262993762993763 0.027546777546777576 0.02182952182952185
0 0.6611226611226609 0.5233887733887734 0.044074844074844036 0.017671517671517735
0 0.12327182952182952 0.8685031185031185 0.0592255717255717 0.04054054054054049
0 0.09641372141372141 0.8466735966735968 0.02754677754677754 0.02598752598752597
0 0.12051715176715178 0.9568607068607068 0.017905405405405386 0.011434511434511449
0 0.16803534303534304 0.9371101871101871 0.011018711018711045 0.009355509355509354
0 0.3787681912681913 0.8128898128898129 0.013773388773388788 0.012474012474012426
0 0.5247661122661123 0.7188149688149689 0.019282744282744346 0.017671517671517735
0 0.47311590436590434 0.7733887733887734 0.015150727650727589 0.01455301455301452
0 0.5399168399168399 0.5997920997920998 0.011018711018710974 0.010395010395010403
0 0.9365904365904366 0.3970893970893971 0.02479209979209969 0.01871101871101871
0 0.8222713097713097 0.4022869022869023 0.019282744282744346 0.010395010395010403
0 0.4014942827442827 0.4963617463617463 0.017905405405405403 0.009355509355509283
0 0.1618373180873181 0.4111226611226611 0.03167879417879419 0.03014553014553016
0 0.24310031185031186 0.4511434511434511 0.0344334719334719 0.02494802494802492
0 0.3222972972972973 0.4454261954261955 0.013773388773388788 0.013513513513513473
0 0.46278586278586276 0.19126819126819128 0.019282744282744277 0.014553014553014556
0 0.32849532224532224 0.18399168399168403 0.02892411642411645 0.01247401247401246
0 0.8126299376299376 0.15540540540540543 0.027546777546777434 0.025987525987526006
0 0.7024428274428274 0.09251559251559253 0.027546777546777576 0.016632016632016633
0 0.12533783783783783 0.06340956340956341 0.027546777546777524 0.022869022869022874
0 0.4448804573804574 0.061330561330561334 0.022037422037422018 0.016632016632016633
0 0.48275727650727646 0.06704781704781705 0.020660083160083147 0.015592515592515595
0 0.2658264033264033 0.22713097713097719 0.019282744282744277 0.013513513513513509
0 0.3429573804573805 0.2692307692307693 0.016528066528066532 0.022869022869022863
0 0.2582510395010395 0.34043659043659047 0.023414760914760926 0.01975051975051976
0 0.07093295218295217 0.5093555093555093 0.017905405405405403 0.016632016632016685
0 0.9682692307692307 0.2733887733887734 0.00826403326403323 0.010395010395010366
0 0.7899038461538461 0.27858627858627855 0.015150727650727731 0.014553014553014556
0 0.4875779625779626 0.46725571725571724 0.013773388773388788 0.017671517671517735
0 0.1976481288981289 0.022869022869022874 0.020660083160083147 0.018711018711018716
0 0.5268321205821205 0.10966735966735967 0.017905405405405403 0.015592515592515604
0 0.13015852390852392 0.04365904365904367 0.02892411642411643 0.022869022869022874
