0 0.2239096573208723 0.5358255451713395 0.04023883696780896 0.056074766355140186
0 0.16549844236760122 0.5334890965732088 0.01947040498442366 0.0358255451713395
0 0.12201453790238836 0.46261682242990654 0.01557632398753892 0.028037383177570093
0 0.02596053997923157 0.4688473520249221 0.023364485981308417 0.03115264797507784
0 0.1635514018691589 0.9065420560747662 0.031152647975077857 0.049844236760124686
0 0.3147715472481828 0.7570093457943925 0.01947040498442366 0.031152647975077913
0 0.20703530633437175 0.6845794392523366 0.014278296988577353 0.026479750778816112
0 0.1395379023883697 0.6900311526479751 0.01687435098650054 0.03426791277258573
0 0.5724299065420562 0.6580996884735203 0.015576323987538956 0.026479750778816254
0 0.5698338525441329 0.6814641744548285 0.01817237798546202 0.026479750778816112
0 0.6074766355140188 0.6908099688473521 0.020768431983385297 0.023364485981308435
0 0.6892523364485982 0.8496884735202492 0.023364485981308292 0.020249221183800615
0 0.8210020768431984 0.8769470404984423 0.019470404984423623 0.021806853582554596
0 0.36085150571131874 0.15109034267912771 0.03634475597092426 0.01869158878504672
0 0.3387850467289719 0.2196261682242991 0.01817237798546209 0.028037383177570128
0 0.35176531671858774 0.2554517133956386 0.020768431983385228 0.018691588785046703
0 0.37253374870197303 0.23442367601246106 0.01298026998961582 0.02024922118380065
0 0.28102284527518173 0.22897196261682243 0.01947040498442366 0.028037383177570093
0 0.8988836967808931 0.058411214953271035 0.029854620976116308 0.023364485981308407
0 0.782710280373832 0.14485981308411214 0.01817237798546202 0.031152647975077875
0 0.7314382139148495 0.17445482866043613 0.027258566978193243 0.024922118380062308
0 0.7080737279335412 0.2515576323987539 0.019470404984423793 0.035825545171339644
0 0.7457165109034268 0.2951713395638629 0.019470404984423623 0.01713395638629283
0 0.9384735202492211 0.29205607476635514 0.012980269989615892 0.0233644859813084
0 0.6159138110072689 0.5685358255451713 0.02206645898234683 0.021806853582554523
0 0.3926531671858775 0.5996884735202492 0.024662512980269894 0.031152647975077916
0 0.5107736240913812 0.9205607476635516 0.011682242990654146 0.018691588785046776
0 0.5562045690550363 0.9026479750778816 0.01687435098650063 0.020249221183800615
0 0.11682242990654207 0.1573208722741433 0.020768431983385263 0.00934579439252337
0 0.12720664589823463 0.17757009345794386 0.023364485981308504 0.028037383177570076
0 0.14148494288681207 0.19859813084112146 0.012980269989615802 0.02024922118380065
0 0.3011422637590862 0.3317757009345794 0.01557632398753892 0.018691588785046703
0 0.33099688473520245 0.35124610591900307 0.01817237798546209 0.020249221183800615
0 0.4731308411214952 0.10514018691588785 0.01687435098650068 0.023364485981308417
0 0.7950415368639667 0.5241433021806854 0.02206645898234683 0.026479750778816254
0 0.18691588785046728 0.7484423676012462 0.015576323987538956 0.026479750778816254
0 0.06749740394600208 0.8582554517133957 0.015576323987538948 0.018691588785046634
0 0.010384215991692626 0.6497923117189021 0.020768431983385252 0.022326056459611082
0 0.27453271028037385 0.8193146417445482 0.011682242990654217 0.012461059190031137
0 0.5588006230529595 0.3255451713395638 0.016874350986500558 0.021806853582554523
0 0.5620456905503635 0.499221183800623 0.015576323987538814 0.014018691588785047
0 0.64966251298027 0.2523364485981308 0.014278296988577353 0.024922118380062273
0 0.6159138110072689 0.25311526479750773 0.019470404984423623 0.02024922118380058
0 0.7509086188992731 0.19859813084112146 0.014278296988577495 0.01713395638629283
0 0.351116303219107 0.9540498442367601 0.019470404984423623 0.020249221183800615
0 0.5308930425752856 0.7414330218068537 0.01298026998961582 0.015576323987538814
0 0.6568016614745587 0.7453271028037384 0.015576323987538956 0.014018691588785118
0 0.47053478712357216 0.6370716510903427 0.019470404984423765 0.018691588785046776
0 0.34981827622014533 0.5965732087227414 0.014278296988577424 0.021806853582554523
0 0.2485721703011423 0.5919003115264797 0.016874350986500523 0.012461059190031137
0 0.7866043613707165 0.07866043613707165 0.018172377985462163 0.010903426791277262
0 0.8391744548286604 0.8278816199376948 0.02206645898234683 0.023364485981308435
