0 0.3803009575923393 0.7564979480164159 0.04377564979480162 0.057455540355677216
0 0.6046511627906976 0.5239398084815322 0.06019151846785221 0.057455540355677216
0 0.6121751025991792 0.44596443228454175 0.06429548563611483 0.05471956224350201
0 0.3693570451436388 0.07523939808481532 0.0957592339261285 0.07934336525307797
0 0.7585499316005473 0.07455540355677154 0.04787961696306425 0.06155950752393981
0 0.24350205198358413 0.9740082079343365 0.08207934336525305 0.05198358413132695
0 0.896032831737346 0.9794801641586867 0.03830369357045129 0.04103967168262656
0 0.9548563611491108 0.8207934336525307 0.04924760601915196 0.04651162790697683
0 0.307797537619699 0.4644322845417237 0.04651162790697676 0.056087551299589575
0 0.42339261285909713 0.43775649794801647 0.042407660738714055 0.04924760601915182
0 0.13132694938440492 0.1689466484268126 0.054719562243502044 0.03967168262653898
0 0.030779753761969904 0.019835841313269494 0.039671682626538994 0.03967168262653899
0 0.10259917920656635 0.8331053351573189 0.03556771545827633 0.0355677154582763
