0 0.4297765617875058 0.4856361149110807 0.06839945280437754 0.08481532147742811
0 0.43319653442772466 0.3433652530779754 0.056999544003648026 0.09028727770177834
0 0.6155950752393982 0.2920656634746922 0.04559963520291845 0.06703146374829004
0 0.9245326037391702 0.33378932968536246 0.06383948928408585 0.07934336525307792
0 0.9268125854993161 0.19972640218878246 0.05015959872321019 0.06019151846785224
0 0.7797537619699042 0.42818057455540354 0.04559963520291845 0.06566347469220248
0 0.7415640674874601 0.3228454172366621 0.04445964432284541 0.06292749658002741
0 0.4753761969904241 0.0533515731874145 0.05015959872321019 0.060191518467852256
0 0.4993160054719563 0.2558139534883721 0.04559963520291831 0.06292749658002737
0 0.364797081623347 0.20314637482900139 0.043319653442772506 0.056087551299589616
0 0.3528271773825809 0.14911080711354308 0.03305973552211583 0.05198358413132695
0 0.7370041039671683 0.5314637482900136 0.0421796625626996 0.05882352941176471
0 0.35681714546283627 0.6853625170998632 0.041039671682626636 0.06566347469220248
0 0.4297765617875058 0.83515731874145 0.03875968992248055 0.058823529411764636
0 0.308937528499772 0.8693570451436389 0.029639762881896913 0.03419972640218887
0 0.5489056087551301 0.8433652530779753 0.037619699042407646 0.042407660738713986
0 0.5791153670770633 0.7571819425444596 0.03191974464204279 0.05061559507523952
0 0.6646146830825352 0.7421340629274965 0.03647970816233467 0.04787961696306425
0 0.9524623803009576 0.5998632010943912 0.0421796625626996 0.06703146374828997
0 0.830483356133151 0.642954856361149 0.037619699042407716 0.05745554035567707
0 0.7694938440492476 0.655266757865937 0.027359781121751182 0.04103967168262656
0 0.7119243046055632 0.6470588235294117 0.030779753761969744 0.03830369357045136
0 0.6195850433196535 0.5143638850889193 0.028499772001823943 0.04651162790697683
0 0.5397856817145463 0.554719562243502 0.03989968080255352 0.05335157318741459
0 0.4485864113087096 0.6149110807113543 0.02621979024167814 0.0341997264021888
0 0.026789785681714546 0.2715458276333789 0.03305973552211582 0.04787961696306429
0 0.26618787049703607 0.3084815321477428 0.035339717282261734 0.042407660738714055
0 0.23654810761513914 0.44391244870041036 0.044459644322845444 0.053351573187414514
0 0.20633834929320563 0.5759233926128592 0.03647970816233471 0.05471956224350208
0 0.25421796625626997 0.5772913816689466 0.041039671682626525 0.04651162790697676
0 0.20348837209302328 0.6682626538987688 0.03989968080255359 0.050615595075239384
0 0.2051983584131327 0.7660738714090287 0.029639762881896913 0.04103967168262642
0 0.10715914272685818 0.76812585499316 0.029639762881896948 0.039671682626538994
0 0.07637938896488829 0.8002735978112177 0.02279981760145918 0.0355677154582763
0 0.08321933424532604 0.6730506155950752 0.027359781121751033 0.043775649794801696
0 0.281577747378021 0.39808481532147744 0.038759689922480585 0.04103967168262656
0 0.13508891928864572 0.3461012311901504 0.028499772001823995 0.03556771545827637
0 0.11057911536707707 0.16279069767441862 0.025079799361605114 0.04377564979480162
0 0.07751937984496125 0.19767441860465115 0.02735978112175105 0.042407660738714055
0 0.7250341997264022 0.03556771545827633 0.04103967168262656 0.04377564979480164
0 0.5603055175558596 0.08891928864569083 0.028499772001823943 0.032831737346101224
0 0.48335613315093484 0.1511627906976744 0.03875968992248069 0.03419972640218878
0 0.6948244414044689 0.14705882352941177 0.03989968080255352 0.04787961696306432
