0 0.020768431983385252 0.983644859813084 0.041536863966770504 0.03271028037383175
0 0.4413291796469367 0.9252336448598131 0.043613707165109046 0.031152647975077913
0 0.35617860851505717 0.9602803738317758 0.031152647975077913 0.03271028037383189
0 0.5638629283489097 0.7819314641744549 0.02284527518172382 0.015576323987538956
0 0.5482866043613708 0.7998442367601245 0.03738317757009341 0.023364485981308435
0 0.4569055036344757 0.8613707165109034 0.033229491173416434 0.018691588785046776
0 0.4714434060228453 0.5661993769470405 0.024922118380062343 0.020249221183800615
0 0.45586708203530635 0.5116822429906541 0.039460020768431935 0.029595015576323932
0 0.6666666666666667 0.45560747663551404 0.053997923156801735 0.03271028037383175
0 0.7061266874350988 0.47585669781931456 0.033229491173416364 0.029595015576324
0 0.7892004153686397 0.2827102803738317 0.033229491173416364 0.023364485981308435
0 0.9325025960539981 0.2951713395638629 0.03738317757009341 0.02024922118380065
0 0.9075804776739357 0.32398753894080995 0.024922118380062273 0.018691588785046703
0 0.8909657320872276 0.22819314641744548 0.037383177570093615 0.03894080996884735
0 0.8805815160955349 0.19626168224299065 0.024922118380062273 0.03738317757009348
0 0.9065420560747665 0.0926791277258567 0.031152647975077913 0.03271028037383178
0 0.9200415368639667 0.033489096573208726 0.02907580477673932 0.03271028037383178
0 0.5659397715472483 0.06931464174454828 0.04361370716510914 0.038940809968847336
0 0.7217030114226377 0.08722741433021806 0.02284527518172382 0.021806853582554516
0 0.711318795430945 0.06074766355140186 0.018691588785046634 0.021806853582554516
0 0.6645898234683281 0.042834890965732085 0.0332294911734165 0.02336448598130841
0 0.5347871235721704 0.13006230529595014 0.031152647975077913 0.0233644859813084
0 0.580477673935618 0.1542056074766355 0.02284527518172375 0.028037383177570093
0 0.6770508826583594 0.1557632398753894 0.024922118380062416 0.024922118380062308
0 0.3291796469366563 0.14797507788161993 0.018691588785046776 0.02803738317757011
0 0.4392523364485982 0.2827102803738317 0.02284527518172375 0.023364485981308435
0 0.14434060228452755 0.6378504672897196 0.022845275181723766 0.023364485981308577
0 0.12149532710280375 0.6549844236760124 0.01869158878504672 0.026479750778816254
0 0.10799584631360332 0.766355140186916 0.024922118380062308 0.024922118380062416
0 0.09761163032191071 0.8356697819314641 0.02907580477673937 0.03271028037383175
0 0.06645898234683281 0.8442367601246106 0.0332294911734164 0.031152647975077913
0 0.42159916926272073 0.6355140186915889 0.02907580477673939 0.024922118380062343
0 0.4371754932502596 0.6588785046728972 0.026998961578400867 0.021806853582554454
0 0.23883696780893046 0.9283489096573209 0.02907580477673939 0.024922118380062273
0 0.240913811007269 0.38707165109034264 0.04153686396677049 0.014018691588785047
0 0.8006230529595016 0.8457943925233644 0.02284527518172382 0.021806853582554454
