0 0.32628403939879347 0.9423076923076923 0.054497120070890546 0.03846153846153854
0 0.8363211887802052 0.23440748440748443 0.02934460311509497 0.01975051975051976
0 0.4597321154698204 0.0576923076923077 0.02794724106199517 0.019750519750519748
0 0.4890903646987151 0.0057172557172557184 0.02233050062199652 0.011434511434511437
0 0.8607750247094509 0.08887733887733887 0.02235779284959605 0.015592515592515586
0 0.739903207116322 0.21153846153846154 0.018165706690296872 0.015592515592515604
0 0.5820012951160493 0.12629937629937632 0.020960430796496326 0.017671517671517662
0 0.45134794315122184 0.7234927234927235 0.027947241061995243 0.01871101871101885
0 0.36051940969973756 0.7572765072765073 0.022357792849596124 0.013513513513513544
0 0.28156845369960126 0.7068607068607068 0.018165706690296872 0.016632016632016616
0 0.12506390375242835 0.791060291060291 0.012576258477897841 0.012474012474012426
0 0.05868920623018983 0.66995841995842 0.01676834463719709 0.013513513513513402
0 0.006288129238948909 0.9920900467775468 0.012576258477897818 0.015365124740124827
0 0.6141406223373437 0.7541580041580042 0.023755154902695922 0.015592515592515638
0 0.4988582529566136 0.8050935550935552 0.030741965168194697 0.015592515592515638
0 0.9026958863024437 0.7396049896049897 0.01956306874339646 0.019750519750519828
0 0.7182440952932757 0.8035343035343036 0.025152516955795647 0.010395010395010331
0 0.6951876214171295 0.7531185031185033 0.018165706690296872 0.015592515592515638
0 0.9879349715415289 0.7884615384615384 0.016768344637197004 0.013513513513513402
0 0.8523908523908525 0.8435550935550935 0.016768344637197147 0.011434511434511449
0 0.8880235847448964 0.9906444906444907 0.020960430796496468 0.014553014553014663
0 0.8251422923554071 0.9729729729729729 0.012576258477897681 0.012474012474012426
0 0.8237449303023073 0.9168399168399168 0.018165706690296872 0.020790020790020805
0 0.42200334003612694 0.9402286902286903 0.01956306874339667 0.013513513513513402
0 0.43038751235472544 0.8929313929313929 0.01397362053099755 0.008316008316008379
0 0.3996455471865308 0.8996881496881497 0.013973620530997622 0.009355509355509354
0 0.8293343785147065 0.35239085239085244 0.026549879008895372 0.01455301455301452
0 0.6378957772400395 0.4204781704781705 0.023755154902695922 0.017671517671517593
