0 0.31703146374828994 0.8098495212038305 0.01641586867305062 0.02462380300957605
0 0.375 0.5225718194254445 0.011285909712722315 0.019151846785225787
0 0.48888508891928867 0.13885088919288646 0.015389876880984943 0.02872777017783859
0 0.08733283577526255 0.4576805870557845 0.014736856664312388 0.02194154214464291
0 0.130315334379507 0.6954352079066909 0.011298256775972817 0.01932165651543187
0 0.3630348625367732 0.7062422361271868 0.012035099609188506 0.014736856664312513
0 0.1492106737261628 0.3284874769653128 0.013017556720142629 0.0157193137752666
0 0.2297721568244038 0.32914244837261547 0.013508785275619708 0.014409370960661078
0 0.2221581142145091 0.34715416207344174 0.011052642498234313 0.012444456738752692
0 0.0874386828749201 0.15852239677024332 0.013754399553358212 0.018994170811780384
0 0.19403527941344628 0.12675628351605886 0.011298256775972817 0.015719313775266544
0 0.28810554778730696 0.18897856720982226 0.011789485331449896 0.018339199404477605
0 0.7717015288420274 0.040280741549120494 0.010561413942757128 0.01440937096066099
0 0.8638068829939798 0.36776644520050666 0.008596499720848954 0.012444456738752692
0 0.7971226065879662 0.43506475730086663 0.007859656887633263 0.012771942442404125
0 0.7472629082070427 0.44521681411405956 0.010315799665018659 0.012116971035101329
0 0.679104946134598 0.3923278729743606 0.012526328164665585 0.015719313775266527
0 0.6648593180257626 0.5182461260283187 0.0135087852756196 0.015391828071615094
0 0.8194735058621734 0.6485854360815704 0.011789485331449754 0.01735674229352348
0 0.9136665813749033 0.7152287767746276 0.013017556720142522 0.017684227997174843
0 0.6752979248296507 0.6790416065211494 0.015228085219789307 0.017356742293523412
0 0.6175785695610938 0.5411701252839156 0.011298256775972817 0.016701770886220685
0 0.7992103279487439 0.9274619166412178 0.012526328164665585 0.018011713700826135
0 0.8825963752409781 0.8811226895745466 0.014245628108835149 0.0196491422190833
0 0.9470701231473447 0.8904560321286112 0.01056141394275727 0.018011713700826135
0 0.5505258717384726 0.9358128020843282 0.011298256775972888 0.014409370960661078
0 0.5715258924851178 0.9598830013027052 0.01449124238657383 0.014736856664312228
0 0.16971946591733086 0.8424793765436833 0.012771942442404054 0.011789485331449896
0 0.1412282096996603 0.7851693784046907 0.00982457110954158 0.013099428146055487
0 0.003929828443816633 0.7306430087467348 0.007859656887633267 0.023251484959248357
0 0.01756142085830558 0.6849587530873664 0.01203509960918844 0.01964914221908316
0 0.26452657712440714 0.6463154400565029 0.007859656887633229 0.015064342367963803
0 0.5226451993585257 0.4605418170771652 0.0130536202645429 0.01566434431745151
0 0.5561494913708526 0.5176876657908309 0.010442896211634434 0.015084183416805032
0 0.47565216640617125 0.3317460971336746 0.010442896211634363 0.013343700714866102
