0 0.08248393691588785 0.7609034267912773 0.014617406542056077 0.023364485981308435
0 0.25580461448598135 0.7048286604361371 0.018793808411214953 0.029595015576323932
0 0.3967581775700934 0.32009345794392524 0.016705607476635506 0.02024922118380065
0 0.7433995327102804 0.44548286604361365 0.016705607476635437 0.018691588785046703
0 0.7611492406542056 0.572429906542056 0.027146612149532814 0.014018691588784975
0 0.8457213785046729 0.6269470404984423 0.020882009345794473 0.017133956386292795
0 0.8143983644859812 0.6822429906542056 0.01670560747663558 0.018691588785046776
0 0.7956045560747662 0.8395638629283491 0.02088200934579433 0.018691588785046776
0 0.7559287383177571 0.8232087227414331 0.00835280373831779 0.014018691588785118
0 0.5408440420560747 0.9314641744548285 0.02088200934579433 0.012461059190031137
0 0.48341851635514016 0.9929906542056075 0.01461740654205613 0.014018691588784975
0 0.513697429906542 0.9914330218068537 0.012529205607476755 0.017133956386292795
0 0.22865800233644862 0.5093457943925234 0.01879380841121492 0.021806853582554454
0 0.22552570093457944 0.48676012461059187 0.02505841121495326 0.017133956386292865
0 0.23492260514018692 0.4462616822429906 0.018793808411214953 0.014018691588785047
0 0.12111565420560748 0.28115264797507783 0.02505841121495326 0.026479750778816216
0 0.5909608644859813 0.5046728971962616 0.016705607476635506 0.012461059190031137
0 0.13573306074766356 0.6113707165109034 0.025058411214953277 0.017133956386292722
0 0.8697356892523365 0.4929906542056075 0.031323014018691565 0.023364485981308362
