0 0.5018107476635515 0.36604361370716504 0.04147196261682247 0.0467289719626168
0 0.6801401869158878 0.5763239875389408 0.04147196261682239 0.0467289719626168
0 0.765848909657321 0.43146417445482865 0.04147196261682239 0.0467289719626168
0 0.6704633956386293 0.12461059190031153 0.04147196261682239 0.046728971962616835
0 0.49628115264797507 0.08411214953271028 0.04147196261682239 0.04672897196261682
0 0.45619158878504673 0.06230529595015575 0.04147196261682239 0.046728971962616814
0 0.5930490654205607 0.18847352024922118 0.04147196261682239 0.046728971962616835
0 0.6372858255451714 0.1931464174454829 0.04147196261682247 0.046728971962616835
0 0.7368185358255452 0.17601246105919002 0.04147196261682239 0.046728971962616814
0 0.7361273364485982 0.057632398753894074 0.026265576323987717 0.03426791277258566
0 0.8280568535825545 0.20404984423676012 0.04147196261682239 0.046728971962616835
0 0.8557048286604361 0.19003115264797507 0.04147196261682239 0.046728971962616835
0 0.9662967289719627 0.2507788161993769 0.04147196261682239 0.046728971962616835
0 0.9027063862928348 0.19470404984423673 0.04147196261682239 0.046728971962616835
0 0.13547507788161997 0.4454828660436137 0.06635514018691593 0.071651090342679
0 0.24191978193146418 0.2679127725856698 0.13547507788161994 0.16199376947040495
0 0.11888629283489102 0.8956386292834886 0.0940031152647975 0.10903426791277367
0 0.30136292834890965 0.6931464174454828 0.04147196261682239 0.04672897196261687
0 0.2612733644859814 0.6043613707165107 0.04147196261682243 0.0467289719626168
0 0.2267133956386293 0.4485981308411215 0.04147196261682243 0.0467289719626168
0 0.17487344236760122 0.40186915887850466 0.07050233644859812 0.06853582554517132
0 0.11059190031152649 0.4859813084112149 0.0663551401869159 0.07476635514018688
0 0.10298870716510904 0.19003115264797507 0.05667834890965731 0.07476635514018691
0 0.1658878504672897 0.2616822429906542 0.055295950155763246 0.06230529595015575
0 0.04700155763239875 0.06074766355140186 0.04147196261682243 0.04672897196261682
0 0.06635514018691589 0.11214953271028037 0.04147196261682243 0.046728971962616814
0 0.12856308411214953 0.05919003115264797 0.04147196261682243 0.046728971962616814
0 0.24468457943925237 0.07165109034267912 0.04147196261682243 0.04672897196261682
0 0.7969528816199377 0.35046728971962615 0.020735981308411196 0.04049844236760123
0 0.8204536604361371 0.47352024922118374 0.037324766355140045 0.03738317757009341
0 0.817688862928349 0.5038940809968848 0.05114875389408098 0.03271028037383175
0 0.8239096573208724 0.5475077881619937 0.06635514018691595 0.06074766355140191
0 0.922059968847352 0.5700934579439252 0.04147196261682239 0.0467289719626168
0 0.9810747663551402 0.5591900311526479 0.03785046728971949 0.0467289719626168
0 0.970443925233645 0.425233644859813 0.04147196261682239 0.0467289719626168
0 0.9497079439252336 0.35825545171339557 0.04147196261682239 0.0467289719626168
0 0.7133177570093459 0.39408099688473514 0.04147196261682239 0.0467289719626168
0 0.9082359813084112 0.8411214953271029 0.04147196261682239 0.04672897196261687
0 0.7575545171339564 0.9672897196261683 0.04147196261682239 0.04672897196261687
0 0.6054906542056075 0.869158878504673 0.04147196261682239 0.04672897196261687
0 0.5819898753894082 0.9408099688473521 0.04147196261682239 0.04672897196261687
0 0.4112636292834891 0.8917445482866043 0.006911993769470399 0.0015576323987538387
0 0.5253115264797509 0.7897196261682242 0.04147196261682247 0.04672897196261687
0 0.42716121495327103 0.9151090342679127 0.030412772585669857 0.04205607476635521
0 0.38292445482866044 0.7959501557632399 0.04147196261682239 0.04672897196261687
0 0.4022780373831776 0.5669781931464175 0.04147196261682239 0.0467289719626168
0 0.31656931464174454 0.2842679127725857 0.030412772585669785 0.05140186915887849
0 0.43545560747663553 0.2889408099688473 0.03594236760124616 0.026479750778816216
0 0.4561915887850468 0.12538940809968846 0.02488317757009348 0.035825545171339554
0 0.21911020249221186 0.9657320872274142 0.03732476635514018 0.056074766355140186
0 0.2820093457943926 0.9119937694704049 0.044236760124610586 0.051401869158878385
0 0.17902063862928352 0.9244548286604362 0.029030373831775726 0.020249221183800615
0 0.06911993769470405 0.589563862928349 0.03870716510903427 0.051401869158878594
0 0.10437110591900313 0.2523364485981308 0.04561915887850468 0.056074766355140186
0 0.04631035825545172 0.1658878504672897 0.023500778816199372 0.0264797507788162
0 0.8957943925233646 0.6152647975077882 0.03870716510903435 0.049844236760124616
0 0.4313084112149532 0.7609034267912773 0.038707165109034276 0.029595015576323932
0 0.32831970404984423 0.6580996884735203 0.02350077881619935 0.04205607476635514
0 0.25436137071651094 0.5327102803738317 0.027647975077881633 0.043613707165109046
0 0.33384929906542055 0.5856697819314641 0.03732476635514018 0.03738317757009348
0 0.3552764797507788 0.6144859813084111 0.019353582554517103 0.026479750778816254
0 0.4396028037383178 0.4859813084112149 0.044236760124610655 0.04361370716510898
0 0.5183995327102804 0.5179127725856698 0.03594236760124616 0.045171339563862885
0 0.5612538940809969 0.544392523364486 0.03317757009345804 0.03271028037383175
0 0.6082554517133957 0.4026479750778816 0.027647975077881526 0.03271028037383175
0 0.6538746105919003 0.47741433021806856 0.030412772585669857 0.03894080996884732
0 0.7160825545171341 0.5342679127725856 0.027647975077881595 0.0404984423676013
0 0.9282807632398754 0.012461059190031152 0.04285436137071656 0.024922118380062305
0 0.37808605919003113 0.07087227414330217 0.020735981308411196 0.032710280373831765
0 0.2370813862928349 0.1144859813084112 0.031795171339563846 0.0264797507788162
0 0.14722546728971964 0.1791277258566978 0.03732476635514018 0.028037383177570093
0 0.17210864485981311 0.6697819314641744 0.03732476635514018 0.031152647975077913
0 0.15621105919003117 0.6043613707165109 0.030412772585669802 0.018691588785046703
0 0.008985591900311528 0.7120976076690578 0.017971183800623056 0.041017645244657785
0 0.13893107476635513 0.9556074766355142 0.03179517133956386 0.04205607476635521
0 0.7271417445482868 0.9361370716510904 0.03594236760124616 0.04672897196261687
0 0.9808119158878505 0.8652647975077882 0.034559968847352 0.051401869158878524
0 0.9068535825545172 0.8979750778816199 0.02488317757009355 0.029595015576323932
0 0.9020151869158879 0.9275700934579438 0.023500778816199386 0.03271028037383175
0 0.971826323987539 0.660436137071651 0.030412772585669785 0.056074766355140186
0 0.5598714953271028 0.3115264797507788 0.02488317757009341 0.03426791277258566
0 0.529458722741433 0.3138629283489096 0.02488317757009341 0.023364485981308362
0 0.5004283489096574 0.29283489096573206 0.027647975077881595 0.01869158878504674
0 0.38015965732087226 0.3457943925233644 0.02488317757009348 0.03738317757009348
0 0.31518691588785047 0.38084112149532706 0.016588785046728914 0.020249221183800615
0 0.34421728971962623 0.37383177570093457 0.02488317757009348 0.028037383177570093
0 0.37601246105919 0.40420560747663553 0.016588785046729056 0.023364485981308435
0 0.3808508566978193 0.4447040498442367 0.026265576323987575 0.023364485981308435
0 0.3677180685358256 0.4376947040498442 0.013823987538940798 0.021806853582554523
0 0.3635708722741433 0.47507788161993775 0.02488317757009341 0.03738317757009348
0 0.15690225856697823 0.514018691588785 0.02626557632398752 0.03738317757009341
0 0.48314836448598136 0.19003115264797507 0.020735981308411196 0.03738317757009348
0 0.3269373052959502 0.10124610591900311 0.020735981308411235 0.015576323987538937
0 0.3103485202492212 0.1674454828660436 0.02350077881619942 0.020249221183800615
0 0.188006230529595 0.16433021806853582 0.027647975077881633 0.020249221183800615
0 0.10782710280373832 0.6892523364485982 0.022118380062305293 0.029595015576323932
