0 0.30015592515592515 0.7063409563409563 0.014033264033264032 0.017671517671517735
0 0.3305613305613306 0.45582120582120583 0.014033264033264032 0.015592515592515567
0 0.20426195426195423 0.5343035343035342 0.009355509355509354 0.012474012474012497
0 0.1262993762993763 0.6148648648648648 0.009355509355509337 0.013513513513513615
0 0.8513513513513513 0.15228690228690225 0.014033264033264175 0.013513513513513526
0 0.6767151767151768 0.17775467775467774 0.00779625779625789 0.01247401247401246
0 0.6693087318087317 0.40436590436590436 0.011694386694386764 0.01871101871101871
0 0.5784823284823284 0.32120582120582114 0.012474012474012497 0.018711018711018674
0 0.4381496881496881 0.1787941787941788 0.010914760914760891 0.02079002079002077
0 0.23232848232848233 0.07692307692307691 0.010914760914760926 0.016632016632016623
0 0.3753898128898129 0.9360706860706861 0.017931392931392977 0.02598752598752597
0 0.5254677754677755 0.9168399168399168 0.014033264033264103 0.020790020790020663
0 0.7616943866943867 0.9048856548856549 0.012474012474012426 0.015592515592515638
0 0.9671257796257795 0.8451143451143451 0.014812889812889694 0.016632016632016616
0 0.6131756756756757 0.8877338877338877 0.010135135135135087 0.016632016632016616
0 0.5422297297297297 0.794178794178794 0.008575883575883623 0.01455301455301452
0 0.5172817047817047 0.8279625779625778 0.011694386694386693 0.013513513513513402
0 0.64747920997921 0.48232848232848224 0.007016632016632087 0.01455301455301452
0 0.7659823284823284 0.3643451143451143 0.005457380457380481 0.011434511434511449
0 0.5009095634095634 0.31912681912681906 0.011694386694386693 0.010395010395010403
0 0.12396049896049895 0.6772349272349271 0.009355509355509354 0.019750519750519686
0 0.18204261954261952 0.8908523908523907 0.011694386694386659 0.012474012474012426
0 0.4475051975051974 0.8279625779625778 0.007796257796257819 0.013513513513513402
0 0.7636434511434511 0.6694386694386694 0.008575883575883552 0.01455301455301452
0 0.8018451143451142 0.3705821205821205 0.007016632016632087 0.01143451143451152
0 0.8232848232848232 0.38149688149688143 0.007796257796257748 0.012474012474012497
0 0.8150987525987525 0.3523908523908523 0.008575883575883552 0.01455301455301452
0 0.6868503118503118 0.16268191268191268 0.007796257796257748 0.011434511434511449
