0 0.3420341705607477 0.7383177570093458 0.025627920560747627 0.024922118380062416
0 0.6623831775700936 0.37850467289719625 0.03942757009345797 0.04049844236760123
0 0.5500146028037384 0.33255451713395634 0.03548481308411205 0.023364485981308435
0 0.14489632009345793 0.589563862928349 0.017742406542056076 0.023364485981308362
0 0.17939544392523366 0.49221183800623053 0.02759929906542059 0.015576323987538956
0 0.43764602803738323 0.5366043613707165 0.02759929906542055 0.014018691588785118
0 0.8131936331775702 0.9306853582554517 0.0216851635514017 0.020249221183800615
0 0.9551328855140188 0.9906542056074766 0.025627920560747697 0.018691588785046776
0 0.7156103971962616 0.9922118380062305 0.019713785046728844 0.015576323987538956
0 0.5066442757009346 0.36292834890965736 0.027599299065420625 0.021806853582554523
0 0.4721451518691589 0.009345794392523364 0.025627920560747697 0.018691588785046728
0 0.6140844042056075 0.006230529595015574 0.025627920560747697 0.012461059190031149
0 0.017742406542056076 0.9096573208722742 0.019713785046728972 0.018691588785046776
0 0.02661360981308411 0.8302180685358255 0.017742406542056076 0.015576323987538956
0 0.7136390186915886 0.5763239875389408 0.0236565420560747 0.018691588785046703
0 0.6909681658878505 0.6518691588785046 0.02168516355140184 0.014018691588785118
0 0.7126533294392524 0.9057632398753894 0.013799649532710276 0.014018691588784975
0 0.9127482476635516 0.8956386292834891 0.011828271028037279 0.009345794392523317
0 0.0749123831775701 0.8862928348909657 0.023656542056074762 0.015576323987538814
0 0.18728095794392524 0.8598130841121494 0.019713785046728986 0.012461059190031137
0 0.481016355140187 0.838785046728972 0.015771028037383204 0.010903426791277156
0 0.661397488317757 0.9470404984423676 0.013799649532710276 0.015576323987538956
0 0.4337032710280374 0.18457943925233644 0.01577102803738313 0.014018691588785047
0 0.4159608644859813 0.14797507788161993 0.027599299065420482 0.021806853582554523
