0 0.41988806591211714 0.1937416777629827 0.06495505992010649 0.06258322237017307
0 0.2563405043275633 0.24300932090545943 0.06495505992010653 0.06258322237017311
0 0.24068169523968042 0.34820239680426096 0.035957265312916105 0.057256990679094566
0 0.1287502080559254 0.2643142476697736 0.0510361185086551 0.06790945406125168
0 0.744083409620506 0.4201065246338216 0.06843479527296935 0.08122503328894809
0 0.810778337217044 0.7456724367509986 0.07887400133155793 0.10119840213049272
0 0.8397761318242343 0.5639147802929427 0.04639647137150476 0.07323568575233018
0 0.8641342792942743 0.42343541944074564 0.03479735352862832 0.042609853528628464
0 0.8861726031957389 0.3728362183754993 0.025518059254327596 0.034620505992010706
0 0.9476479277629827 0.3575233022636485 0.03247752996005332 0.03328894806924097
0 0.9296692951065245 0.3209054593874833 0.0313176181757656 0.03728362183754992
0 0.9012514563914781 0.4201065246338216 0.030157706391477888 0.03861517976031962
0 0.6570900257989348 0.1384820239680426 0.026677971038615026 0.03728362183754994
0 0.7580023510319575 0.15512649800266312 0.01739867676431416 0.03062583222370174
0 0.5874953187416777 0.20772303595206393 0.038277088881491395 0.034620505992010636
0 0.5666169066245006 0.3242343541944075 0.04523655958721712 0.05193075898801599
0 0.538199067909454 0.22569906790945407 0.04175682423435419 0.04127829560585887
0 0.5439986268308921 0.08189081225033287 0.03247752996005324 0.03595206391478028
0 0.4372867426764314 0.4061251664447403 0.02783788282290274 0.04793608521970704
0 0.08003391311584554 0.3055925432756325 0.03015770639147803 0.030625832223701722
0 0.01275902962716378 0.0918774966711052 0.02551805925432756 0.0426098535286285
0 0.026098015146471375 0.17243675099866843 0.031317618175765644 0.041278295605858835
0 0.1635475615845539 0.7416777629826897 0.03247752996005324 0.03994673768308928
0 0.11657113432090545 0.8069241011984022 0.03363744174434086 0.0559254327563248
0 0.6802882614846871 0.8288948069241012 0.038277088881491325 0.04926764314247663
0 0.7324842917776297 0.8488681757656458 0.03363744174434103 0.03062583222370165
0 0.7174054385818909 0.9274300932090546 0.03595726531291618 0.041278295605858946
0 0.713925703229028 0.9727030625832225 0.03595726531291618 0.04926764314247677
0 0.976645722370173 0.7929427430093209 0.039437000665779036 0.041278295605858946
0 0.9911446196737682 0.46804260985352863 0.0173986767643143 0.0412782956058588
0 0.8879124708721704 0.6617842876165113 0.033637441744340746 0.029294274300932132
0 0.9696862516644472 0.6464713715046605 0.025518059254327596 0.02796271637816247
0 0.7904798809920106 0.4640479360852197 0.01739867676431416 0.030625832223701722
0 0.8722536617842875 0.11784287616511317 0.03015770639147803 0.02796271637816245
0 0.7841003661784288 0.04593874833555259 0.01623876498002673 0.022636484687083888
0 0.9534474866844207 0.10719041278295606 0.02783788282290274 0.02529960053262318
0 0.9331490304593875 0.1438082556591212 0.02667797103861517 0.037283621837549956
0 0.965046604527297 0.13448735019973368 0.030157706391478172 0.02396804260985352
0 0.8716737058921438 0.177762982689747 0.01971850033288945 0.022636484687083857
0 0.8525351614513981 0.2463382157123835 0.02319823568575231 0.029294274300932094
0 0.8322367052263647 0.3115845539280959 0.024358147470039882 0.026631158455392843
0 0.5967746130159786 0.11318242343541943 0.02435814747003995 0.0426098535286285
0 0.44598608105858845 0.25033288948069243 0.02435814747003995 0.021304926764314232
0 0.38799049184420775 0.3009320905459387 0.02667797103861517 0.02396804260985352
0 0.40074952147137144 0.5 0.0313176181757656 0.03328894806924104
0 0.34159402047270304 0.5492676431424767 0.038277088881491325 0.03595206391478037
0 0.5097812291944074 0.7476697736351531 0.028997794607190385 0.035952063914780154
