0 0.09911532747943745 0.23907219991827466 0.015442311396063477 0.017021773648570396
0 0.11762749596026055 0.17167785192596996 0.014884155562470837 0.015636280444616978
0 0.20293231252767144 0.15495296967824676 0.010604960838260452 0.011083945631627205
0 0.17028019626250107 0.13882187023221784 0.00893049333748248 0.008906742025414723
0 0.2283284029561373 0.17009443112145178 0.00893049333748248 0.00851088682428518
0 0.20897900072492517 0.1810794129527966 0.007814181670297167 0.008708814424849968
0 0.19772285808080667 0.22056596926546854 0.024372804733546014 0.02196996366268966
0 0.23660771448776166 0.23946805511940425 0.013953895839816398 0.01464664244179314
0 0.2654457658900489 0.22165457106857478 0.01023285694919867 0.011083945631627259
0 0.2983769600720156 0.185037964964092 0.013209688061692865 0.015042497642922648
0 0.3003305054895899 0.16079183389490756 0.011535220560914964 0.012469438835580621
0 0.19418787113471986 0.2597556341772933 0.01432599972887811 0.015240425243487472
0 0.06147388798089014 0.13177812159667113 0.013177128688557825 0.015403715213057573
0 0.07869997253656448 0.1115078613542794 0.00967470111560603 0.012073583634451079
0 0.025675168345262168 0.17603225913839496 0.00967470111560604 0.010490162829932892
0 0.10316580324237588 0.16791722751523927 0.011349168616383985 0.01167772843332152
0 0.18977298342150298 0.09409023250457949 0.01116311667185311 0.009698452427673808
0 0.2085642298191224 0.09963220532039309 0.01116311667185311 0.013657004438969231
0 0.02744266181830558 0.23372815470302583 0.011349168616384003 0.012271511235015851
0 0.028838051402287217 0.24570277453719452 0.00781418167029719 0.007323321220896517
0 0.014605077645674494 0.297658769685447 0.009860753060136918 0.009500524827108982
0 0.0827000893439785 0.28706964305523175 0.008744441392951607 0.009302597226544265
0 0.06121108975066125 0.30201317689787205 0.009302597226544274 0.00910466962597951
0 0.04176866154718375 0.28429865664732495 0.007256025836704531 0.008115031623155567
0 0.060373856000272265 0.23501468410669685 0.007628129725766302 0.00851088682428518
0 0.20354082731678852 0.3041903805040845 0.022698337232768005 0.024938877671161208
0 0.16242334757546284 0.2809338874377238 0.009302597226544265 0.010094307628803314
0 0.17377251619184683 0.3094354619190509 0.009674701115606012 0.009698452427673879
0 0.18214485369573669 0.33140542558174063 0.007442077781235384 0.009302597226544194
0 0.2506119692831025 0.30567483750832025 0.013767843895285488 0.012073583634451096
0 0.11181721866306205 0.32437899576169116 0.007814181670297203 0.010688090430497682
0 0.10009594615761626 0.3531774616438655 0.009302597226544265 0.00811503162315553
0 0.1365621272856698 0.3507033666368058 0.009302597226544246 0.012271511235015922
0 0.13172477672786675 0.36139145706730347 0.011163116671853147 0.011479800832756695
0 0.13907382853683672 0.3766318823107909 0.009488649171075138 0.009896380028238595
0 0.1358179195075463 0.33605672419501276 0.007442077781235401 0.007125393620331763
0 0.14121342589894192 0.3006276836939186 0.0074420777812354184 0.01029223522936814
0 0.08800256976310873 0.2809338874377238 0.007814181670297184 0.008115031623155602
0 0.03451263571047922 0.36218316746956264 0.007256025836704523 0.007521248821461271
0 0.01693072695231056 0.4302702620638439 0.01153522056091489 0.011875656033886272
0 0.04539667446553601 0.4448179407053548 0.01934940223121207 0.018407266852523776
0 0.21526209982223427 0.4555060311358524 0.023070441121829825 0.025532660472855538
0 0.16744675007779677 0.4793563070039073 0.009302597226544265 0.00910466962597944
0 0.12298033533491516 0.45857390894460637 0.007814181670297167 0.009500524827109018
0 0.09153755670919556 0.40572723959381235 0.008558389448420715 0.010292235229368103
0 0.13581791950754624 0.53546878176402 0.0163725711187179 0.018011411651394197
0 0.19944768453710904 0.5340832885600668 0.012651532228100209 0.014448714841228281
0 0.218145904962463 0.5912843651232856 0.01693072695231059 0.01761555645026469
0 0.2314486189964213 0.5334895057583724 0.012651532228100172 0.014052859640098845
0 0.1444693349282324 0.6149367133907758 0.013953895839816415 0.016230063246311346
0 0.2555423458131709 0.6155304961924702 0.013953895839816433 0.016230063246311276
0 0.34196347404776717 0.44313555610055416 0.014139947784347342 0.014250787240663526
0 0.3406611104360509 0.35456295484781886 0.013023636117161957 0.013261149237839618
0 0.23628596955422432 0.36139145706730347 0.010046805004667831 0.011083945631627259
0 0.28317105957600736 0.3801945791209567 0.011535220560914893 0.012667366436145428
0 0.2799151505467169 0.2918199054687862 0.009860753060136958 0.010886018031062398
0 0.3227070977888205 0.3103261361215924 0.0109770647273222 0.010688090430497645
0 0.350335811551657 0.23273851670020199 0.009674701115606012 0.010688090430497645
0 0.3354516559891861 0.23105613209540146 0.011163116671853147 0.010490162829932892
0 0.37945294087074044 0.12278973458647133 0.012093376394507587 0.012865294036710146
0 0.422430940057375 0.09983013292095784 0.016558623063248845 0.01563628044461696
0 0.5004797307880814 0.33180128078287013 0.020465713898397412 0.01880312205365328
0 0.6336929230721952 0.3328898825859764 0.017116778896841395 0.016230063246311204
0 0.7336028172852807 0.5656527408501478 0.015256259451532514 0.015834208045181767
0 0.9378586505266846 0.6043475867605607 0.014884155562470767 0.015240425243487508
0 0.9010203655095691 0.6313647042376519 0.014139947784347413 0.017417628849699936
0 0.8442745224276493 0.5868309941105784 0.010046805004667902 0.00910466962597944
0 0.8728334959131402 0.6994517988319333 0.010977064727322272 0.011479800832756838
0 0.8137620035245839 0.6539284507020361 0.011163116671853147 0.010688090430497682
0 0.7241779922329628 0.800196947519402 0.010604960838260381 0.010292235229368174
0 0.7280850830681111 0.788618182886363 0.00725602583670451 0.010886018031062435
0 0.6802697333236738 0.8377042278264263 0.011721272505445768 0.01167772843332159
0 0.5762666963309089 0.7702109160338392 0.0109770647273222 0.013261149237839618
0 0.601104630925782 0.801978295924485 0.015628363340594333 0.014250787240663526
0 0.5902205921707252 0.8174166487685371 0.008372337503889824 0.0075212488214612
0 0.5684525146606116 0.84532444044817 0.007628129725766257 0.008708814424849862
0 0.6024069945374982 0.8449285852470405 0.007814181670297132 0.008708814424850005
0 0.4217505563980087 0.8802586619478521 0.010791012782791399 0.011281873232192083
0 0.454402672663179 0.8298860876041176 0.008372337503889896 0.008708814424850005
0 0.3904008037445545 0.8503715942625716 0.008372337503889753 0.009302597226544265
0 0.34612044094620376 0.9733787377240382 0.0217680775101136 0.02434509486946709
0 0.3656558951219468 0.9440854528404521 0.012093376394507516 0.01167772843332159
0 0.29151419522638894 0.8798579464571836 0.011535220560914893 0.011479800832756695
0 0.3904008037445545 0.903807186125521 0.012093376394507516 0.01108394563162733
0 0.4604493608604328 0.9065781725334279 0.01711677889684147 0.015834208045181698
0 0.4436116598803877 0.8821341138636786 0.009860753060136887 0.012073583634451096
0 0.5592429434063328 0.9130108195517829 0.007814181670297132 0.010490162829932927
0 0.6073373710675668 0.9120211815489592 0.01134916861638402 0.010490162829932927
0 0.6046396178718689 0.9300325932003534 0.009674701115605942 0.008906742025414615
0 0.5267768790856935 0.9545756156703848 0.007628129725766328 0.009698452427673913
0 0.7001772913884785 0.9519035930627606 0.00725602583670451 0.007917104022590849
0 0.6706880581803333 0.9358714574170139 0.012651532228100138 0.011479800832756695
0 0.7587836539157072 0.9078647019370988 0.00911654528201339 0.010490162829932927
0 0.8273437954753388 0.509238514399649 0.009302597226544123 0.011281873232192012
0 0.85283291187607 0.4446151528152511 0.005953662224988392 0.008708814424849933
0 0.8533910677096627 0.31903009025690343 0.01265153222810028 0.014052859640098773
0 0.8212971072780846 0.2784549321411253 0.01097706472732213 0.014448714841228352
0 0.7606441733610161 0.16524034461807596 0.013953895839816256 0.01405285964009879
0 0.919718585934923 0.14307245335482152 0.012093376394507516 0.012865294036710146
0 0.9690223512356079 0.08715790619527354 0.012465480283569405 0.012271511235015815
0 0.8793453139717211 0.10546620924751492 0.009488649171074996 0.011281873232191977
0 0.8201807956108996 0.08844443559894458 0.00725602583670451 0.008115031623155638
0 0.7336666414040377 0.09339262561306386 0.011349168616384162 0.012469438835580604
0 0.6714322659584567 0.07191748095178613 0.011907324449976641 0.014250787240663563
0 0.47868245142445964 0.019891723856759545 0.011163116671853147 0.01128187323219198
0 0.4943108147650539 0.1211316915456402 0.009674701115606012 0.011479800832756766
0 0.4851012435107751 0.09985447448492725 0.0072560258367044385 0.009302597226544246
0 0.5738480210520075 0.13350216658093844 0.008000233614828076 0.008906742025414758
0 0.5878949428640893 0.18258821152100174 0.009302597226544265 0.010094307628803385
0 0.6227796824636302 0.25027945091415366 0.008000233614828147 0.009302597226544265
0 0.6203610071847288 0.37408316506741834 0.006511818058580872 0.007917104022590849
0 0.6537573312280227 0.392985250921354 0.0070699738921736355 0.007719176422026095
0 0.6945027070802865 0.41495521458404366 0.007814181670297272 0.008906742025414829
0 0.7110613301435353 0.4295028932255543 0.008930493337482517 0.009896380028238666
0 0.48084032333514676 0.5078929807126374 0.012434962315325891 0.01405547602131243
0 0.5686622446871354 0.4739944797200604 0.009326221736494418 0.0090947197784962
