0 0.05315420560747663 0.18457943925233644 0.03154205607476635 0.029595015576323967
0 0.10397196261682243 0.13629283489096572 0.025700934579439262 0.020249221183800615
0 0.4077102803738317 0.2609034267912772 0.025700934579439193 0.029595015576323967
0 0.5660046728971964 0.49221183800623053 0.022196261682242948 0.03115264797507784
0 0.48598130841121495 0.7313084112149533 0.028037383177570093 0.03582554517133957
0 0.5514018691588786 0.8255451713395638 0.028037383177570093 0.031152647975077913
0 0.5893691588785046 0.9182242990654206 0.01985981308411219 0.03271028037383175
0 0.6927570093457944 0.8520249221183802 0.025700934579439248 0.03738317757009343
0 0.923481308411215 0.9314641744548287 0.02686915887850475 0.03426791277258559
0 0.7704439252336448 0.5599688473520249 0.02219626168224309 0.03271028037383175
0 0.6974299065420562 0.37383177570093457 0.02570093457943912 0.043613707165109046
0 0.834696261682243 0.37227414330218067 0.0385514018691589 0.03426791277258573
0 0.8662383177570092 0.16433021806853582 0.05023364485981304 0.04517133956386294
0 0.8855140186915889 0.43224299065420557 0.023364485981308292 0.04828660436137071
0 0.3060747663551402 0.4657320872274143 0.0233644859813084 0.018691588785046776
0 0.29205607476635514 0.5257009345794392 0.06542056074766361 0.08566978193146418
0 0.1822429906542056 0.6666666666666665 0.023364485981308435 0.031152647975077913
0 0.1822429906542056 0.7071651090342678 0.009345794392523388 0.018691588785046776
0 0.0911214953271028 0.8535825545171339 0.01869158878504674 0.031152647975077913
0 0.015186915887850466 0.8613707165109034 0.025700934579439248 0.03426791277258573
0 0.16939252336448601 0.883177570093458 0.02803738317757011 0.04049844236760123
0 0.16939252336448596 0.9322429906542057 0.011682242990654217 0.026479750778816254
0 0.6717289719626168 0.28348909657320864 0.011682242990654288 0.031152647975077875
0 0.725467289719626 0.5319314641744548 0.06775700934579433 0.09501557632398751
0 0.16004672897196262 0.19470404984423673 0.016355140186915893 0.024922118380062308
0 0.20151869158878505 0.4182242990654206 0.04789719626168225 0.06386292834890966
