0 0.11539867317657877 0.1399037205722536 0.026293368571878695 0.02570155005313497
0 0.1521606977539277 0.16487786826539416 0.013146684285939347 0.012608307573236015
0 0.22422400421018784 0.13553930641228729 0.007303713492188564 0.007274023599943878
0 0.3345100779422347 0.04437154395965755 0.015581255450002232 0.015032982106550654
0 0.3454656481805175 0.1239008686523771 0.013146684285939401 0.01406311229322478
0 0.37881927312817837 0.13384203423896704 0.011685941587501603 0.009698698133258521
0 0.4043822703508383 0.1512996908788323 0.009251370423438843 0.00872882831993266
0 0.3853926152711481 0.20027811645178759 0.012172855820314226 0.009698698133258467
0 0.4255630394781851 0.4369263509032946 0.014607426984377057 0.013578177386561877
0 0.6819233830540025 0.33678729267740076 0.009251370423438914 0.008243893413269775
0 0.911016529592316 0.28465679021113643 0.011685941587501532 0.010668567946584382
0 0.9314669273704439 0.25240861891805194 0.009738284656251466 0.01018363303992139
0 0.7997566273946441 0.2080370749583944 0.008277541957813668 0.008728828319932588
0 0.8284845671305857 0.17190942441200657 0.008277541957813668 0.008243893413269704
0 0.012659770053126787 0.33630235777073786 0.01460742698437706 0.013093242479898919
0 0.15629946873283454 0.4209234989834181 0.007790627725001116 0.006789088693280974
0 0.3832015012234915 0.6132001894752674 0.01752891238125251 0.016972721733202363
0 0.40900795556255765 0.5785273436488684 0.009738284656251324 0.00872882831993273
0 0.2904443398726972 0.5293064506225816 0.008277541957813632 0.009213763226595617
0 0.3079732522539497 0.525911906275941 0.008277541957813668 0.009213763226595617
0 0.32550216463520215 0.5237296991959579 0.007303713492188564 0.00872882831993266
0 0.41339018365787084 0.47087179436969917 0.010712113121876499 0.010668567946584275
0 0.3783323588953658 0.47062932691636783 0.006816799259375941 0.008243893413269632
0 0.21034694857502964 0.552098391235739 0.0077906277250010805 0.007274023599943788
0 0.03286671071484838 0.5593724148356829 0.012172855820314217 0.012123372666573146
0 0.2702373992109756 0.6144125267419248 0.004869142328125733 0.004849349066629216
0 0.09324883060541173 0.6426675621629567 0.019972993588924924 0.015775538682378354
0 0.268046285163319 0.6427812187817057 0.0043822280953131456 0.005334283973292173
0 0.7909921712040179 0.6364770649950878 0.005356056560938072 0.006304153786618016
0 0.9679854948313866 0.3838259786237044 0.009738284656251466 0.01018363303992146
0 0.7958613135321434 0.3852807833436931 0.005356056560938214 0.007274023599943931
0 0.811686026098552 0.39473701402362016 0.007790627725001116 0.006789088693280974
0 0.8124163974477707 0.434016741463317 0.007303713492188564 0.006789088693280974
0 0.5212416862258548 0.22622213395825405 0.04430919518594372 0.04315920669300024
0 0.5575167965703911 0.13456943659896145 0.008764456190626149 0.009213763226595563
0 0.5097992017547593 0.08462114121268023 0.00681679925937587 0.006304153786617999
0 0.2938527395023852 0.06619361475948914 0.005356056560938321 0.0063041537866180344
0 0.3208764794234827 0.2279194061315743 0.005842970793750837 0.006789088693280938
0 0.26366405706800594 0.2766553642511982 0.006329885026563389 0.007274023599943824
0 0.16043823971174137 0.27908003878451276 0.005356056560938231 0.005334283973292173
0 0.21862449053284333 0.3940096116636258 0.004869142328125662 0.004364414159966259
0 0.2103469485750297 0.4088001263168449 0.0038953138625005225 0.006789088693280974
0 0.4613512355899088 0.37000533378381106 0.006329885026563389 0.006789088693280903
0 0.4430919518594375 0.3811588366370583 0.004869142328125733 0.0058192188799550595
0 0.4903226324422566 0.39497948147695167 0.005842970793750837 0.006304153786618016
0 0.4988436315164766 0.44177569996992383 0.006329885026563318 0.0058192188799550595
0 0.7934267423680806 0.09310750207928141 0.005356056560938214 0.005819218879955077
0 0.9329276700688816 0.06328400531951159 0.00486914232812552 0.0072740235999438595
0 0.8771759904118425 0.09989659077256235 0.006329885026563318 0.004849349066629234
0 0.9480220112860712 0.4168015522767833 0.005842970793750908 0.006304153786618016
0 0.9796714364188881 0.18427526453191112 0.005842970793750766 0.006789088693280974
0 0.961655609804823 0.20318772589176518 0.005842970793750766 0.006789088693280938
0 0.9796714364188881 0.20827954241172583 0.006816799259376012 0.006304153786618052
0 0.984540578747014 0.16318059609207392 0.005842970793750766 0.006304153786618016
0 0.9986001744000703 0.09941165586589942 0.002799651199859312 0.0077589585066067815
0 0.91272072940716 0.6595114730615765 0.006329885026563318 0.00872882831993266
0 0.7043214377633805 0.7130967802478299 0.008277541957813668 0.0072740235999438595
0 0.6768107836094706 0.6682403013815094 0.004869142328125662 0.004849349066629287
0 0.9976263459344452 0.6405990117017225 0.00474730813110952 0.012608307573236104
0 0.43774065032030407 0.991028704226736 0.025329050149863263 0.017942591546528205
0 0.8304322240618359 0.9791477990134942 0.014120512751564576 0.013578177386561805
0 0.4893488039766315 0.8290604454013193 0.005842970793750837 0.006304153786618087
0 0.6312843028414953 0.8962239299741341 0.006329885026563389 0.006789088693280974
0 0.7220938072610393 0.9095596399073647 0.006816799259376012 0.005334283973292315
0 0.9582472101751351 0.7458941089086278 0.006816799259376012 0.006789088693280974
0 0.1319537570922061 0.7994794160948809 0.011685941587501638 0.011153502853247232
0 0.11564213029298505 0.8106329189481282 0.0073037134921885285 0.008243893413269632
0 0.17017652436799274 0.8159672029214203 0.008277541957813668 0.007274023599943717
0 0.2407790881258152 0.735952943322038 0.0063298850265633535 0.005334283973292173
0 0.3688375313555208 0.7163130796021895 0.006329885026563318 0.005819218879955202
0 0.1911138363789332 0.7184952866821724 0.0073037134921885285 0.006304153786618087
0 0.10371273158907712 0.7376502154953581 0.006816799259375958 0.0058192188799550595
0 0.03651856746094265 0.7776573452950493 0.02824102550312898 0.02570155005313481
0 0.07084602087422874 0.8045712326148415 0.009251370423438807 0.008728828319932517
0 0.0014607426984377058 0.6015123175576588 0.0029214853968754116 0.029353716068940088
