0 0.19833852544132916 0.589563862928349 0.0643821391484943 0.04517133956386296
0 0.2824506749740395 0.6183800623052959 0.06230529595015575 0.0404984423676013
0 0.7123572170301142 0.763239875389408 0.02907580477673932 0.03738317757009341
0 0.7871235721703012 0.5116822429906541 0.04569055036344764 0.02647975077881618
0 0.7528556593977155 0.5404984423676013 0.026998961578400867 0.021806853582554523
0 0.9709241952232607 0.514018691588785 0.039460020768432004 0.03115264797507784
0 0.671858774662513 0.9548286604361371 0.047767393561786095 0.03738317757009355
0 0.3208722741433022 0.9579439252336448 0.031152647975077913 0.021806853582554454
0 0.18691588785046734 0.9758566978193147 0.0332294911734164 0.03582554517133943
0 0.08307372793354104 0.956386292834891 0.033229491173416406 0.018691588785046634
0 0.32606438213914857 0.8590342679127727 0.02907580477673939 0.026479750778816112
0 0.46105919003115275 0.7133956386292835 0.033229491173416434 0.00934579439252346
0 0.6884735202492213 0.6736760124610592 0.026998961578400725 0.026479750778816254
0 0.7933541017653168 0.8224299065420562 0.041536863966770456 0.024922118380062416
0 0.4974039460020769 0.05373831775700934 0.06022845275181723 0.03894080996884735
0 0.8213914849428869 0.014797507788161994 0.06438213914849428 0.029595015576323987
0 0.928348909657321 0.08099688473520249 0.03738317757009355 0.037383177570093455
0 0.7175493250259606 0.0957943925233645 0.043613707165109046 0.020249221183800632
0 0.3862928348909658 0.18925233644859812 0.045690550363447574 0.03271028037383175
0 0.3406022845275182 0.2398753894080997 0.033229491173416434 0.028037383177570055
0 0.09865005192107996 0.29127725856697817 0.031152647975077895 0.034267912772585694
0 0.4350986500519211 0.11526479750778815 0.031152647975077913 0.01869158878504672
0 0.4953271028037383 0.21728971962616822 0.039460020768432004 0.023364485981308435
0 0.6791277258566979 0.24922118380062305 0.03738317757009341 0.018691588785046703
0 0.8203530633437177 0.20404984423676012 0.02907580477673932 0.021806853582554523
0 0.6427829698857737 0.30062305295950154 0.02284527518172375 0.015576323987538956
0 0.5970924195223262 0.647196261682243 0.031152647975077913 0.02647975077881618
0 0.6562824506749741 0.7024922118380063 0.03738317757009355 0.031152647975077913
0 0.5617860851505712 0.7437694704049843 0.035306334371754955 0.020249221183800473
0 0.8587746625129804 0.7087227414330218 0.035306334371754955 0.021806853582554596
0 0.8473520249221184 0.7289719626168224 0.041536863966770594 0.018691588785046634
0 0.2699896157840083 0.33956386292834895 0.024922118380062308 0.03115264797507784
0 0.17964693665628245 0.3317757009345794 0.039460020768432004 0.03426791277258566
0 0.049844236760124616 0.32242990654205606 0.03322949117341641 0.028037383177570093
0 0.24506749740394604 0.09345794392523364 0.024922118380062273 0.021806853582554523
0 0.5555555555555556 0.8894080996884736 0.02284527518172375 0.018691588785046776
0 0.8068535825545172 0.883177570093458 0.035306334371754955 0.021806853582554454
0 0.9096573208722748 0.9462616822429908 0.03738317757009341 0.02336448598130819
0 0.10176531671858775 0.07788161993769468 0.02907580477673937 0.01869158878504673
