0 0.038940809968847356 0.5996884735202492 0.02076843198338526 0.021806853582554523
0 0.4523624091381101 0.4766355140186916 0.024662512980270036 0.031152647975077913
0 0.6288940809968848 0.5529595015576324 0.01687435098650049 0.021806853582554523
0 0.7379283489096573 0.557632398753894 0.024662512980269894 0.024922118380062273
0 0.8021806853582555 0.7204049844236761 0.020768431983385228 0.029595015576323932
0 0.825545171339564 0.8457943925233644 0.015576323987538956 0.021806853582554454
0 0.7879023883696779 0.9096573208722738 0.020768431983384534 0.018691588785047657
0 0.7872533748701973 0.9361370716510905 0.019470404984423623 0.018691588785046776
0 0.8248961578400831 0.9750778816199377 0.0168743509865007 0.018691588785046776
0 0.5906022845275182 0.8411214953271028 0.01817237798546209 0.024922118380062273
0 0.5607476635514019 0.8309968847352025 0.01298026998961575 0.023364485981308435
0 0.9066718587746625 0.32165109034267914 0.024662512980270036 0.029595015576324
0 0.3582554517133956 0.10202492211838006 0.023364485981308435 0.023364485981308417
0 0.3258047767393562 0.7110591900311527 0.01298026998961575 0.017133956386292795
0 0.18951194184839046 0.792834890965732 0.010384215991692649 0.021806853582554596
0 0.144730010384216 0.8302180685358255 0.016874350986500506 0.018691588785046776
0 0.21547248182762202 0.9174454828660435 0.01557632398753892 0.018691588785046776
0 0.07398753894080996 0.9945482866043613 0.023364485981308407 0.010903426791277156
0 0.32255970924195226 0.7624610591900312 0.011682242990654181 0.026479750778816254
0 0.5626947040498442 0.782710280373832 0.019470404984423623 0.014018691588785118
0 0.40498442367601245 0.7429906542056074 0.015576323987538956 0.021806853582554454
0 0.5763239875389408 0.18847352024922118 0.015576323987538956 0.021806853582554523
0 0.8515057113187955 0.1261682242990654 0.01298026998961575 0.01557632398753892
0 0.04413291796469367 0.09501557632398754 0.015576323987538943 0.021806853582554523
0 0.5373831775700935 0.572429906542056 0.01298026998961575 0.014018691588784975
0 0.3679906542056075 0.48598130841121495 0.01687435098650049 0.018691588785046776
0 0.9254932502596054 0.8925233644859812 0.010384215991692543 0.018691588785046776
0 0.9689771547248184 0.5381619937694704 0.016874350986500416 0.017133956386292865
0 0.5542575285565939 0.1573208722741433 0.010384215991692614 0.015576323987538956
0 0.6250000000000001 0.4306853582554517 0.009086188992731082 0.014018691588785047
0 0.8041277258566979 0.27102803738317754 0.009086188992731082 0.015576323987538956
0 0.09280893042575286 0.6713395638629283 0.01427829698857737 0.00934579439252346
