0 0.20859480908903194 0.22975077881619937 0.045575336439620424 0.05140186915887849
0 0.7683534284371905 0.7344236760124611 0.0549241234015939 0.07009345794392516
0 0.840222228207361 0.7741433021806853 0.014023180442960097 0.021806853582554454
0 0.6807085506686897 0.44314641744548283 0.03622654947764701 0.04828660436137078
0 0.8986521467196948 0.14797507788161993 0.023371967404933542 0.03738317757009344
0 0.8706057858337747 0.008566978193146417 0.0070115902214800485 0.010903426791277258
0 0.6275373248224657 0.6331775700934579 0.011685983702466842 0.017133956386292795
0 0.5942322712704354 0.6915887850467288 0.010517385332220144 0.012461059190031137
0 0.5381395494985949 0.5957943925233644 0.010517385332220144 0.010903426791277227
0 0.5574214226076651 0.9922118380062305 0.011685983702466771 0.015576323987538956
0 0.5954008696406823 0.9197819314641745 0.008180188591726747 0.014018691588785118
0 0.584883484308462 0.3302180685358255 0.010517385332220002 0.018691588785046776
