0 0.08145009416195859 0.6805555555555555 0.02354048964218455 0.026365348399246643
0 0.2113935969868173 0.8700564971751413 0.017890772128060242 0.05602636534839931
0 0.32062146892655363 0.801671374764595 0.017890772128060277 0.037900188323917235
0 0.3851224105461394 0.7110404896421845 0.024482109227871904 0.028013182674199583
0 0.4383239171374765 0.6335922787193973 0.021657250470809828 0.041195856873822975
0 0.3968926553672317 0.21833804143126176 0.08945386064030124 0.1400659133709981
0 0.4496233521657251 0.417725988700565 0.016007532956685538 0.044491525423728785
0 0.4797551789077213 0.4580979284369115 0.04425612052730699 0.11864406779661024
0 0.513653483992467 0.487758945386064 0.012241054613935987 0.019774011299435016
0 0.5174199623352166 0.41854990583804136 0.016007532956685538 0.029661016949152595
0 0.5263653483992468 0.34027777777777773 0.00941619585687377 0.03460451977401128
0 0.4576271186440678 0.2883709981167608 0.01883239171374761 0.042843691148775814
0 0.5809792843691148 0.14500941619585686 0.013182674199623393 0.03295668549905839
0 0.43408662900188316 0.1285310734463277 0.020715630885122422 0.04613935969868173
0 0.3648775894538606 0.05190677966101696 0.016007532956685465 0.02142184557438795
0 0.6167608286252354 0.6640772128060263 0.024482109227871973 0.04284369114877577
0 0.7019774011299436 0.6846751412429378 0.02354048964218464 0.07085687382297551
0 0.7457627118644068 0.5849811676082862 0.02259887005649716 0.05932203389830519
0 0.7862523540489641 0.6624293785310733 0.018832391713747683 0.03625235404896415
0 0.8314500941619585 0.11122881355932203 0.020715630885122353 0.041195856873822975
0 0.5908662900188324 0.4243173258003766 0.01789077212806035 0.0477871939736346
0 0.5249529190207156 0.5891007532956685 0.01789077212806035 0.03460451977401135
0 0.5084745762711864 0.6657250470809792 0.01506591337099806 0.049435028248587684
0 0.46986817325800373 0.5660310734463276 0.01694915254237287 0.05437853107344637
0 0.4246704331450094 0.5775659133709982 0.01883239171374761 0.03460451977401135
0 0.3418079096045198 0.5544962335216571 0.013182674199623393 0.03130885122410554
0 0.3210922787193974 0.6385357815442562 0.020715630885122422 0.05108286252354063
0 0.3606403013182674 0.7266949152542372 0.020715630885122353 0.04284369114877592
0 0.12052730696798494 0.7794256120527306 0.015065913370998114 0.03625235404896415
0 0.07015065913370998 0.24470338983050843 0.014124293785310726 0.031308851224105504
0 0.048022598870056506 0.5528483992467043 0.01694915254237288 0.028013182674199655
0 0.21563088512241052 0.2636534839924671 0.013182674199623356 0.03295668549905837
0 0.3483992467043315 0.32791902071563084 0.01129943502824851 0.0230696798493409
0 0.29708097928436916 0.4473870056497175 0.014124293785310762 0.028013182674199583
0 0.4609227871939736 0.33615819209039544 0.016007532956685538 0.02306967984934083
0 0.6059322033898304 0.32132768361581915 0.014124293785310655 0.0230696798493409
0 0.8766478342749529 0.27106873822975514 0.013182674199623393 0.028013182674199655
0 0.582391713747646 0.8717043314500941 0.014124293785310797 0.0230696798493409
0 0.38323917137476454 0.9252589453860639 0.013182674199623321 0.02142184557438796
0 0.5645009416195857 0.4251412429378531 0.012241054613935844 0.03295668549905841
0 0.608286252354049 0.5956920903954802 0.01506591337099806 0.02142184557438796
0 0.6421845574387948 0.577565913370998 0.01883239171374754 0.024717514124293773
0 0.6892655367231637 0.02801318267419962 0.01694915254237273 0.02966101694915254
0 0.0790960451977401 0.36581920903954795 0.015065913370998114 0.026365348399246712
0 0.391713747645951 0.4630414312617702 0.015065913370998132 0.03295668549905841
0 0.08097928436911488 0.16725517890772124 0.018832391713747648 0.02801318267419962
0 0.2495291902071563 0.7835451977401129 0.01694915254237287 0.028013182674199583
0 0.6911487758945387 0.39300847457627114 0.01506591337099806 0.028013182674199655
0 0.5856873822975518 0.6344161958568738 0.01883239171374761 0.03954802259886996
