0 0.4790023851246106 0.19781931464174454 0.04484277647975077 0.07165109034267914
0 0.40868075837227413 0.18380062305295952 0.038727852414330216 0.0529595015576324
0 0.34600278670171347 0.2554517133956386 0.04790023851246113 0.06230529595015575
0 0.3832019080996885 0.33255451713395634 0.020383080218068627 0.04205607476635517
0 0.39237429419781933 0.29595015576323985 0.030574620327102835 0.024922118380062308
0 0.3118611273364486 0.3387850467289719 0.02853631230529601 0.051401869158878524
0 0.3240909754672897 0.3551401869158879 0.032612928348909664 0.049844236760124616
0 0.1977158781152648 0.24766355140186916 0.02445969626168221 0.03738317757009344
0 0.3011600102219626 0.09345794392523364 0.02751715829439256 0.0280373831775701
0 0.37402952200155765 0.04984423676012461 0.038727852414330285 0.04361370716510903
0 0.1029345551012461 0.06697819314641745 0.026498004283489075 0.037383177570093455
0 0.18548602998442365 0.1409657320872274 0.02445969626168221 0.035825545171339554
0 0.15287310163551404 0.6456386292834889 0.020383080218068558 0.03894080996884739
0 0.034141659365264795 0.5311526479750779 0.02547885027258567 0.04672897196261687
0 0.06981204974688474 0.6752336448598132 0.023440542250778833 0.026479750778816112
0 0.032103351343457945 0.6954828660436136 0.025478850272585677 0.029595015576323932
0 0.32612928348909664 0.4789719626168224 0.028536312305295936 0.051401869158878455
0 0.30268874123831774 0.5404984423676013 0.03465123637071649 0.028037383177570162
0 0.2736428519275701 0.544392523364486 0.015287310163551417 0.04205607476635521
0 0.21096488025700935 0.49065420560747663 0.026498004283489144 0.028037383177570093
0 0.4891939252336448 0.542834890965732 0.0489193925233645 0.06386292834890973
0 0.480021539135514 0.5116822429906541 0.030574620327102835 0.0358255451713395
0 0.5472857038551402 0.37850467289719625 0.034651236370716564 0.05295950155763236
0 0.5070291204244548 0.32476635514018687 0.017325618185358282 0.020249221183800615
0 0.4902130792445483 0.29205607476635514 0.014268156152647933 0.02024922118380065
0 0.5075386974299064 0.26246105919003115 0.020383080218068558 0.020249221183800615
0 0.6680554541471964 0.40732087227414326 0.021402234228971934 0.020249221183800684
0 0.5121248904789719 0.7601246105919003 0.03363208235981304 0.04672897196261687
0 0.4790023851246106 0.7601246105919003 0.02853631230529601 0.04984423676012455
0 0.7500973520249221 0.6355140186915889 0.032612928348909664 0.049844236760124616
0 0.6441053348909658 0.8193146417445482 0.036689544392523386 0.049844236760124686
0 0.592128480334891 0.8660436137071652 0.02649800428348904 0.03426791277258559
0 0.8525223301207165 0.3052959501557632 0.02344054225077869 0.03738317757009348
0 0.8265339028426791 0.2398753894080997 0.01834477219626166 0.034267912772585625
0 0.6033391744548287 0.5202492211838005 0.030574620327102776 0.031152647975077444
0 0.6298371787383178 0.5070093457943925 0.018344772196261586 0.026479750778816112
0 0.6517489899727414 0.5327102803738317 0.013249002141744484 0.024922118380062343
0 0.6777374172507789 0.5498442367601246 0.014268156152648004 0.024922118380062273
0 0.7021971135124611 0.5584112149532711 0.010191540109034208 0.020249221183800684
0 0.5880518642912772 0.7320872274143302 0.022421388239875384 0.031152647975077913
0 0.5763315931658879 0.766355140186916 0.02751715829439256 0.018691588785046776
0 0.39186471719236754 0.7982866043613707 0.027517158294392486 0.023364485981308292
0 0.3806540230724299 0.7827102803738317 0.019363926207165035 0.029595015576323932
0 0.43823622468847356 0.8014018691588786 0.022421388239875314 0.03582554517133957
0 0.40052752628504673 0.6838006230529595 0.01834477219626166 0.03426791277258573
0 0.41071906639408096 0.6495327102803737 0.020383080218068558 0.04672897196261687
0 0.4591288819119937 0.6876947040498442 0.02547885027258566 0.029595015576324074
0 0.41530525944314645 0.5467289719626167 0.02751715829439256 0.0404984423676013
0 0.426515953563084 0.40498442367601245 0.01732561818535821 0.03115264797507784
0 0.45046607281931467 0.37616822429906543 0.020383080218068558 0.03894080996884739
0 0.48511730919003115 0.42990654205607476 0.01834477219626166 0.031152647975077913
0 0.525883469626168 0.48520249221183803 0.022421388239875384 0.02647975077881618
0 0.5615538600077881 0.5311526479750778 0.014268156152648004 0.021806853582554523
0 0.4234584915303738 0.2305295950155763 0.01732561818535821 0.024922118380062308
0 0.6420670268691588 0.031931464174454825 0.026498004283488967 0.029595015576323987
0 0.6690746081580997 0.031152647975077885 0.017325618185358282 0.031152647975077885
0 0.7949401285046729 0.18457943925233644 0.022421388239875453 0.029595015576323967
0 0.34956982573987544 0.9376947040498442 0.018344772196261728 0.043613707165109046
0 0.4081711813668224 0.8707165109034267 0.021402234228972007 0.028037383177570093
0 0.5559485129478192 0.9828660436137071 0.03159377433800628 0.03426791277258573
0 0.7837294343847353 0.8271028037383178 0.024459696261682352 0.04049844236760123
0 0.7725187402647975 0.8084112149532711 0.01630646417445476 0.03426791277258559
0 0.8112465926791276 0.7538940809968848 0.01630646417445476 0.04049844236760123
0 0.8132849007009345 0.6978193146417446 0.01834477219626166 0.04049844236760123
0 0.9881747712227414 0.7118380062305296 0.023650457554517175 0.03738317757009355
0 0.9406791520638629 0.5062305295950157 0.018344772196261662 0.03426791277258566
0 0.1681604117990654 0.27258566978193144 0.014268156152647933 0.03426791277258566
0 0.18854349201713397 0.29049844236760125 0.02242138823987542 0.029595015576324
0 0.3714816369742991 0.14018691588785046 0.02751715829439256 0.021806853582554523
0 0.6746799552180686 0.17757009345794394 0.02445969626168221 0.01869158878504674
0 0.6359521028037384 0.21339563862928349 0.0163064641744549 0.03426791277258566
