0 0.5845272969374168 0.25033288948069243 0.03754993342210383 0.03994673768308921
0 0.4606125166444741 0.20239680426098539 0.03754993342210383 0.03994673768308921
0 0.7923035952063916 0.5379494007989348 0.03754993342210383 0.03994673768308921
0 0.714700399467377 0.6125166444740348 0.03754993342210383 0.03994673768308921
0 0.6821571238348869 0.7749667110519308 0.03754993342210383 0.03994673768308928
0 0.8473768308921439 0.6977363515312918 0.03754993342210383 0.03994673768308928
0 0.9837683089214382 0.5605858854860186 0.0324633821571237 0.03994673768308921
0 0.9299866844207724 0.5272969374167776 0.03754993342210383 0.03994673768308921
0 0.9062050599201065 0.08122503328894809 0.03754993342210383 0.03994673768308922
0 0.9687882822902796 0.05592543275632491 0.03754993342210383 0.03994673768308923
0 0.8386151797603196 0.04793608521970707 0.03754993342210383 0.03994673768308923
0 0.7409853528628496 0.06125166444740348 0.03754993342210383 0.03994673768308922
0 0.7046870838881492 0.4221038615179761 0.03754993342210383 0.03994673768308921
0 0.6846604527296938 0.29027962716378164 0.03754993342210383 0.03994673768308921
0 0.5882822902796272 0.3035952063914781 0.03754993342210383 0.03994673768308921
0 0.5419707057256992 0.053262316910785625 0.03754993342210383 0.03994673768308923
0 0.5995472703062584 0.023968042609853534 0.03754993342210383 0.03994673768308922
0 0.5970439414114515 0.11984021304926767 0.03754993342210383 0.03994673768308921
0 0.7847936085219708 0.9786950732356859 0.03754993342210383 0.03994673768308928
0 0.6083089214380826 0.9480692410119842 0.03754993342210383 0.03994673768308928
0 0.5857789613848203 0.904127829560586 0.03754993342210383 0.03994673768308928
0 0.9387483355525965 0.8428761651131826 0.03754993342210383 0.03994673768308928
0 0.7847936085219708 0.8881491344873502 0.03754993342210383 0.03994673768308928
0 0.7948069241011985 0.937416777629827 0.03754993342210383 0.03994673768308928
0 0.909960053262317 0.7962716378162452 0.03754993342210383 0.03994673768308928
0 0.9812649800266311 0.8322237017310254 0.037470039946737616 0.03994673768308928
0 0.9894007989347537 0.6551264980026633 0.02119840213049258 0.03994673768308928
0 0.6308388814913449 0.6324900133155793 0.03754993342210391 0.03994673768308921
0 0.5457256990679095 0.9826897470039947 0.03754993342210383 0.03462050599201049
0 0.3592276964047936 0.9547270306258323 0.03754993342210383 0.03994673768308928
0 0.2603462050599202 0.4247669773635154 0.037549933422103866 0.03994673768308921
0 0.11139813581890813 0.21438082556591215 0.037549933422103866 0.03994673768308921
0 0.16396804260985356 0.023968042609853534 0.03754993342210385 0.03994673768308922
0 0.13392809587217044 0.085219707057257 0.037549933422103866 0.03994673768308921
0 0.07509986684420772 0.09986684420772306 0.03754993342210386 0.03994673768308923
0 0.844873501997337 0.36884154460719043 0.03754993342210383 0.03994673768308921
0 0.9087083888149136 0.24766977363515316 0.03754993342210383 0.03994673768308921
0 0.8661517976031958 0.23035952063914786 0.03754993342210383 0.03994673768308921
0 0.8010652463382156 0.2689747003994674 0.03754993342210383 0.03994673768308921
0 0.742237017310253 0.1930758988015979 0.03754993342210383 0.03994673768308921
0 0.6433555259653797 0.7430093209054596 0.03754993342210391 0.03994673768308928
0 0.7409853528628496 0.7283621837549934 0.03754993342210383 0.03994673768308928
0 0.6345938748335552 0.8415446071904128 0.03754993342210383 0.03994673768308928
0 0.7009320905459389 0.9813581890812252 0.03754993342210383 0.03728362183754967
0 0.3191744340878829 0.8402130492676433 0.037549933422103866 0.03994673768308928
0 0.37299600532623167 0.6684420772303596 0.03754993342210383 0.03994673768308928
0 0.6020505992010653 0.4873501997336885 0.03754993342210383 0.03994673768308921
0 0.6033022636484687 0.5286284953395473 0.03754993342210383 0.03994673768308921
0 0.5407190412782956 0.5832223701731025 0.03754993342210383 0.03994673768308921
0 0.5031691078561917 0.4793608521970707 0.03754993342210383 0.03994673768308921
0 0.4931557922769641 0.3142476697736352 0.03754993342210383 0.03994673768308921
0 0.07760319573901464 0.8881491344873502 0.03754993342210386 0.03994673768308928
