0 0.2667578659370725 0.926812585499316 0.06019151846785224 0.056087551299589505
0 0.46374829001367984 0.8885088919288645 0.06019151846785228 0.05608755129958965
0 0.22640218878248974 0.7824897400820794 0.06429548563611491 0.04924760601915196
0 0.13953488372093023 0.6655266757865936 0.05745554035567715 0.050615595075239384
0 0.6792065663474692 0.1826265389876881 0.09712722298221614 0.08891928864569082
0 0.32900136798905605 0.3119015047879617 0.06429548563611491 0.06566347469220248
0 0.841313269493844 0.39808481532147744 0.05198358413132681 0.05198358413132695
0 0.8242134062927496 0.6484268125854993 0.06429548563611491 0.05198358413132702
0 0.7941176470588235 0.893296853625171 0.045143638850889116 0.05198358413132695
0 0.9507523939808482 0.5827633378932968 0.04103967168262656 0.03830369357045136
0 0.7305061559507524 0.6429548563611491 0.04103967168262656 0.04377564979480162
0 0.5875512995896033 0.4172366621067032 0.03419972640218866 0.04103967168262649
0 0.4056087551299589 0.506155950752394 0.042407660738714055 0.04103967168262656
0 0.46716826265389877 0.6313269493844049 0.042407660738713986 0.04240766073871413
0 0.05540355677154583 0.2920656634746922 0.03967168262653899 0.050615595075239384
0 0.3618331053351574 0.1320109439124487 0.04514363885088919 0.0478796169630643
0 0.32352941176470584 0.06771545827633378 0.02599179206566344 0.03693570451436389
0 0.26880984952120385 0.022571819425444596 0.025991792065663474 0.03419972640218878
0 0.1600547195622435 0.4247606019151847 0.03283173734610124 0.03693570451436393
0 0.09644322845417236 0.5369357045143639 0.03693570451436388 0.03146374829001381
0 0.19630642954856362 0.5725034199726403 0.04240766073871409 0.039671682626538925
0 0.4316005471956224 0.7551299589603283 0.023255813953488413 0.019151846785225645
0 0.7523939808481532 0.8522571819425444 0.04377564979480155 0.04651162790697669
0 0.9021887824897399 0.7236662106703148 0.03419972640218887 0.03009575923392603
0 0.8365253077975376 0.10943912448700412 0.025991792065663474 0.04103967168262656
0 0.789329685362517 0.2216142270861833 0.03283173734610131 0.03283173734610124
0 0.5868673050615595 0.22024623803009574 0.021887824897400848 0.04103967168262656
0 0.472640218878249 0.10054719562243503 0.025991792065663474 0.0369357045143639
0 0.26949384404924764 0.21819425444596444 0.027359781121751005 0.031463748290013666
0 0.13748290013679892 0.19767441860465115 0.023255813953488396 0.031463748290013666
0 0.01573187414500684 0.56703146374829 0.03146374829001368 0.031463748290013666
0 0.011627906976744186 0.6361149110807114 0.023255813953488372 0.027359781121751112
0 0.009575923392612859 0.694938440492476 0.019151846785225718 0.04651162790697683
0 0.1381668946648427 0.9049247606019151 0.03556771545827633 0.03146374829001374
0 0.17236662106703146 0.9678522571819426 0.03283173734610124 0.028727770177838466
0 0.5683994528043776 0.5636114911080711 0.031463748290013596 0.03830369357045143
0 0.5164158686730507 0.3433652530779754 0.0341997264021888 0.04103967168262656
0 0.810533515731874 0.24487004103967167 0.025991792065663474 0.027359781121751005
0 0.8071135430916553 0.3515731874145007 0.02735978112175104 0.0355677154582763
0 0.7168262653898769 0.42886456908344733 0.02462380300957591 0.025991792065663474
0 0.5772913816689467 0.46511627906976744 0.04103967168262656 0.030095759233926173
0 0.9569083447332422 0.7455540355677155 0.023255813953488483 0.021887824897400775
0 0.8084815321477428 0.8262653898768809 0.03009575923392603 0.02735978112175104
0 0.8823529411764707 0.896032831737346 0.03283173734610116 0.030095759233926173
