0 0.10613192826231693 0.07789613848202397 0.06147532456724369 0.05459387483355527
0 0.09395285452729693 0.1478029294274301 0.041756824234354194 0.04527296937416778
0 0.016238764980026632 0.29494007989347537 0.032477529960053264 0.06524633821571232
0 0.26909953395472697 0.02130492676431425 0.05567576564580559 0.0426098535286285
0 0.5051415820572569 0.11717709720372835 0.04059691245006654 0.04260985352862848
0 0.6112735103195739 0.057922769640479356 0.03015770639147803 0.041278295605858856
0 0.5237001706058588 0.014647137150466045 0.04291673601864176 0.02929427430093209
0 0.78584023385486 0.04660452729693741 0.028997794607190458 0.03195739014647137
0 0.06263523635153129 0.6025299600532623 0.05103611850865513 0.04926764314247677
0 0.03421739763648469 0.8215712383488681 0.03131761817576565 0.06657789613848208
0 0.7075461884154461 0.44474034620505987 0.03711717709720361 0.05059920106524629
0 0.9406884570572569 0.8901464713715046 0.039437000665779036 0.0572569906790946
