0 0.46252683957601987 0.41891891891891886 0.08104699907978592 0.05821205821205815
0 0.612743260284244 0.49480249480249483 0.04611294775229204 0.03326403326403323
0 0.5910841484611976 0.5852390852390852 0.030741965168194697 0.020790020790020805
0 0.8985038001431443 0.40800415800415807 0.025152516955795647 0.01975051975051976
0 0.6253195187621416 0.17619542619542622 0.018165706690296803 0.013513513513513544
0 0.6490746736648376 0.23804573804573806 0.020960430796496326 0.014553014553014556
0 0.7692478102314168 0.28274428274428276 0.01537098258409742 0.01247401247401246
0 0.24453835929245765 0.1554054054054054 0.025152516955795647 0.013513513513513526
0 0.20122013564636518 0.07796257796257797 0.02235779284959616 0.016632016632016643
0 0.25222385058450636 0.02442827442827443 0.018165706690296872 0.015592515592515595
0 0.3744930302307351 0.04106029106029107 0.022357792849596124 0.017671517671517672
0 0.6462799495586381 0.8357588357588358 0.020960430796496326 0.01455301455301452
0 0.5903854674346478 0.7312889812889813 0.018165706690296803 0.015592515592515496
0 0.5400804335230565 0.7676715176715178 0.020960430796496326 0.015592515592515638
0 0.06357997341603898 0.6933471933471934 0.015370982584097338 0.012474012474012568
0 0.06567601649568862 0.8331600831600832 0.019563068743396625 0.013513513513513686
0 0.05519580109744045 0.8653846153846154 0.015370982584097338 0.015592515592515638
0 0.4164138918237279 0.9719334719334719 0.019563068743396597 0.01455301455301452
0 0.5533553730275041 0.41995841995842 0.016768344637197147 0.012474012474012497
0 0.9082853345148427 0.06964656964656965 0.016768344637197147 0.01247401247401247
0 0.3863706076820831 0.22661122661122662 0.015370982584097278 0.010395010395010403
0 0.023056473876146007 0.19906444906444906 0.015370982584097338 0.009355509355509354
0 0.13274939504447703 0.058212058212058215 0.016768344637197074 0.010395010395010403
0 0.27458164343410246 0.03118503118503119 0.015370982584097278 0.014553014553014552
0 0.7119805290591663 0.006756756756756756 0.021009556806175597 0.013513513513513513
0 0.6379203402448792 0.008835758835758836 0.03498317733717329 0.017671517671517672
0 0.9767560751167309 0.5914760914760915 0.019563068743396597 0.012474012474012497
0 0.8167581200368085 0.9303534303534303 0.015370982584097278 0.010395010395010474
0 0.9781534371698305 0.9064449064449065 0.016768344637197147 0.012474012474012568
0 0.8782420503731978 0.9916839916839916 0.018165706690297014 0.014553014553014663
0 0.8006884564261614 0.7926195426195426 0.019563068743396597 0.015592515592515496
0 0.6302102859479909 0.8087318087318087 0.016768344637197074 0.01455301455301452
0 0.6567601649568863 0.8123700623700623 0.016768344637197147 0.017671517671517593
0 0.7147506901605263 0.7687110187110187 0.020960430796496468 0.013513513513513544
0 0.28506185883235063 0.8279625779625781 0.02235779284959616 0.009355509355509212
0 0.1991240925667155 0.8887733887733887 0.02096043079649636 0.014553014553014379
0 0.33536689274394194 0.7848232848232848 0.016768344637197147 0.010395010395010331
0 0.5407791145496064 0.7214137214137213 0.01397362053099748 0.014553014553014663
0 0.5435738386558059 0.7006237006237006 0.019563068743396528 0.016632016632016616
0 0.6665416993285845 0.6907484407484408 0.02235779284959605 0.017671517671517735
0 0.06008656828328959 0.5472972972972974 0.01676834463719709 0.011434511434511449
0 0.21659111823046248 0.5462577962577962 0.016768344637197074 0.011434511434511378
0 0.1865478340888177 0.47297297297297297 0.018165706690296872 0.01455301455301452
0 0.13414675709757679 0.524948024948025 0.01676834463719709 0.014553014553014592
