0 0.5507323568575233 0.31691078561917446 0.03754993342210383 0.03994673768308921
0 0.9149667110519308 0.2343541944074568 0.03754993342210383 0.03994673768308921
0 0.6383488681757657 0.7736351531291613 0.03754993342210383 0.03994673768308928
0 0.7334753661784288 0.7470039946737684 0.03754993342210383 0.03994673768308928
0 0.5670039946737684 0.5645805592543276 0.03754993342210383 0.03994673768308921
0 0.6658854860186417 0.5286284953395473 0.03754993342210383 0.03994673768308921
0 0.853635153129161 0.4993342210386153 0.03754993342210383 0.03994673768308921
0 0.8498801597869509 0.4194407456724369 0.03754993342210383 0.03994673768308921
0 0.8473768308921439 0.33688415446071907 0.03754993342210383 0.03994673768308925
0 0.4193075898801598 0.0426098535286285 0.03754993342210383 0.03994673768308922
0 0.5432223701731026 0.07323568575233023 0.03754993342210383 0.03994673768308922
0 0.5106790945406126 0.15845539280958726 0.03754993342210383 0.03994673768308923
0 0.5094274300932091 0.288948069241012 0.03754993342210383 0.03994673768308921
0 0.3930226364846871 0.3355525965379495 0.03754993342210383 0.03994673768308921
0 0.4455925432756325 0.4367509986684422 0.03754993342210383 0.03994673768308921
0 0.165219707057257 0.3089214380825566 0.037549933422103866 0.03994673768308921
0 0.24782956058588554 0.5632490013315581 0.037549933422103866 0.03994673768308921
0 0.20527296937416778 0.5073235685752331 0.037549933422103866 0.03994673768308921
0 0.1714780292942743 0.6817576564580561 0.03754993342210385 0.03994673768308928
0 0.17523302263648471 0.822902796271638 0.03754993342210385 0.03994673768308928
0 0.22655126498002665 0.9467376830892146 0.037549933422103866 0.03994673768308928
0 0.07509986684420772 0.8135818908122505 0.03754993342210386 0.03994673768308928
0 0.07384820239680426 0.7203728362183756 0.03754993342210386 0.03994673768308928
0 0.10013315579227697 0.5725699067909455 0.037549933422103866 0.03994673768308921
0 0.04255659121171771 0.5872170439414116 0.037549933422103866 0.03994673768308921
0 0.030039946737683093 0.46205059920106534 0.037549933422103866 0.03994673768308921
0 0.9237283621837551 0.8641810918774968 0.03754993342210383 0.03994673768308928
0 0.5344607190412783 0.6950732356857524 0.03754993342210383 0.03994673768308928
0 0.544474034620506 0.7869507323568576 0.03754993342210383 0.03994673768308928
0 0.5770173102529961 0.8495339547270307 0.03754993342210383 0.03994673768308928
0 0.42806924101198407 0.8894806924101201 0.03754993342210383 0.03994673768308928
0 0.4581091877496671 0.8082556591211718 0.03754993342210383 0.03994673768308928
0 0.24908122503328897 0.8242343541944076 0.037549933422103866 0.03994673768308928
0 0.7522503328894807 0.44074567243675106 0.03754993342210383 0.03994673768308921
