0 0.0358225234700635 0.7587939698492463 0.018853959721086055 0.030150753768844255
0 0.030637684546764837 0.8584589614740369 0.016025865762923145 0.038525963149078704
0 0.04524950333060652 0.9095477386934673 0.015083167776868835 0.026800670016750273
0 0.08908495968213158 0.9221105527638191 0.019796657707140345 0.018425460636515824
0 0.1635581005804215 0.9246231155778895 0.021682053679248928 0.03350083752093795
0 0.12537883214522225 0.693467336683417 0.016968563748977435 0.020100502512562884
0 0.2418020334229286 0.6298157453936348 0.014140469790814549 0.03350083752093802
0 0.2813953488372093 0.6155778894472362 0.017911261735031766 0.03182579564489117
0 0.32475945619570723 0.6683417085427137 0.01414046979081448 0.03685092127303193
0 0.25311440925558026 0.7395309882747069 0.02356744965135757 0.018425460636515966
0 0.2813953488372093 0.7336683417085428 0.017911261735031766 0.02010050251256274
0 0.3026060535234311 0.7973199329983249 0.013197771804760236 0.03350083752093809
0 0.34455611390284757 0.7554438860971524 0.01414046979081448 0.030150753768844255
0 0.38037863737291105 0.7495812395309883 0.014140469790814549 0.025125628140703498
0 0.4666355030968798 0.8174204355108878 0.013197771804760165 0.030150753768844112
0 0.44636749639671225 0.871859296482412 0.0179112617350318 0.02512562814070364
0 0.3605819796657707 0.6231155778894473 0.0179112617350318 0.03015075376884418
0 0.22530481866697832 0.49832495812395305 0.0358225234700635 0.04857621440536015
0 0.21446379182735384 0.431323283082077 0.02356744965135757 0.028475711892797267
0 0.23520314752054847 0.3500837520938023 0.016025865762923176 0.04355108877721939
0 0.10746757041019048 0.0628140703517588 0.026395543609520473 0.04187604690117253
0 0.09049900666121305 0.13316582914572866 0.026395543609520473 0.05192629815745395
0 0.09851193954267462 0.3484087102177555 0.021682053679248962 0.04020100502512562
0 0.08861361068910444 0.388609715242881 0.026395543609520473 0.043551088777219533
0 0.14753223481749836 0.4773869346733668 0.019796657707140373 0.04020100502512562
0 0.18194071130848039 0.6984924623115577 0.018853959721086076 0.036850921273031786
0 0.1470608858244712 0.7562814070351759 0.026395543609520473 0.0418760469011724
0 0.2686689260254762 0.12646566164154105 0.024510147637411883 0.041876046901172546
0 0.5741030735070701 0.27219430485762147 0.026395543609520403 0.04522613065326638
0 0.704195395582564 0.7554438860971524 0.016968563748977487 0.036850921273031786
0 0.7004246036383468 0.7897822445561138 0.02451014763741199 0.021775544388609517
0 0.7602859257527951 0.7805695142378559 0.023567449651357465 0.03350083752093809
0 0.8003505901601028 0.6767169179229481 0.020739355693194596 0.04020100502512548
0 0.909703556542402 0.6381909547738693 0.02828093958162924 0.050251256281407065
0 0.900747925674886 0.7830820770519263 0.016025865762923103 0.045226130653266236
0 0.9422266370612753 0.7847571189279732 0.021682053679248837 0.028475711892797337
0 0.8206185968602704 0.9681742043551088 0.021682053679248837 0.0636515912897822
0 0.788566865334424 0.9631490787269681 0.029223637567683484 0.07035175879396988
0 0.7367184761014375 0.9706867671691792 0.042421409372443576 0.05862646566164159
0 0.5816446573955046 0.752931323283082 0.022624751665303294 0.045226130653266236
0 0.738603872073546 0.1457286432160804 0.016025865762923103 0.04355108877721944
0 0.4803046238946672 0.19514237855946398 0.019796657707140283 0.0284757118927973
0 0.3931050601846441 0.5251256281407035 0.01885395972108604 0.04857621440536008
0 0.5594912547232285 0.4882747068676717 0.02168205367924891 0.041876046901172546
0 0.6759144560009349 0.43551088777219427 0.03393712749795497 0.04020100502512562
0 0.8635113552257411 0.4388609715242881 0.03770791944217208 0.036850921273031786
0 0.7023099996104554 0.6867671691792294 0.02451014763741185 0.04690117252931316
0 0.6212379728097853 0.7311557788944724 0.024510147637411918 0.06197654941373543
0 0.41572981184994745 0.32663316582914576 0.016968563748977417 0.036850921273031856
0 0.24227338241595575 0.26130653266331655 0.02073935569319463 0.046901172529313195
0 0.2908223286977523 0.24288107202680068 0.021682053679248945 0.03015075376884422
0 0.601441315102645 0.1507537688442211 0.015083167776868791 0.020100502512562794
0 0.6537610533286587 0.15326633165829145 0.023567449651357465 0.03182579564489114
0 0.9445833820264111 0.049413735343383586 0.018853959721085972 0.03182579564489113
0 0.9026333216469947 0.29480737018425457 0.025452845623466232 0.02680067001675038
0 0.9761637645592302 0.37688442211055273 0.02168205367924898 0.036850921273031856
0 0.6740290600288261 0.550251256281407 0.020739355693194596 0.0318257956448911
0 0.6759144560009349 0.5728643216080402 0.02828093958162896 0.030150753768844255
0 0.769712905613338 0.5242881072026802 0.017911261735031728 0.036850921273031786
0 0.7343617311363017 0.5117252931323283 0.026395543609520473 0.03182579564489103
0 0.37000895952631374 0.15159128978224456 0.031109033539791966 0.03182579564489114
0 0.49821588562969893 0.9639865996649917 0.012255073818705924 0.015075376884422127
