0 0.4849521203830369 0.694938440492476 0.03419972640218873 0.03283173734610116
0 0.5362517099863201 0.4958960328317374 0.04377564979480162 0.04787961696306439
0 0.45690834473324216 0.4473324213406293 0.030095759233926104 0.03830369357045143
0 0.1778385772913817 0.5752393980848153 0.05745554035567716 0.05882352941176471
0 0.14090287277701777 0.6497948016415869 0.041039671682626525 0.0383036935704515
0 0.24418604651162792 0.6894664842681258 0.0341997264021888 0.030095759233926173
0 0.38235294117647056 0.7688098495212037 0.02051983584131328 0.021887824897400918
0 0.07523939808481533 0.9685362517099864 0.05471956224350206 0.043775649794801696
0 0.22640218878248974 0.6135430916552668 0.02051983584131328 0.015047879616963087
0 0.28864569083447333 0.5560875512995896 0.02188782489740081 0.028727770177838608
0 0.25718194254445964 0.5526675786593708 0.016415868673050654 0.02462380300957591
0 0.817373461012312 0.37893296853625175 0.023255813953488344 0.02735978112175104
0 0.7592339261285909 0.012995896032831739 0.03009575923392603 0.025991792065663478
0 0.6785225718194254 0.09165526675786595 0.021887824897400775 0.013679890560875502
0 0.23119015047879618 0.019835841313269494 0.04377564979480162 0.03967168262653899
0 0.24076607387140903 0.18946648426812587 0.02462380300957591 0.02325581395348838
0 0.17578659370725036 0.13611491108071136 0.015047879616963052 0.02325581395348838
0 0.19015047879616964 0.24418604651162792 0.02188782489740081 0.02051983584131328
0 0.12585499316005472 0.013679890560875515 0.02188782489740083 0.019151846785225718
0 0.5540355677154583 0.43912448700410395 0.016415868673050723 0.02462380300957598
0 0.5013679890560876 0.46374829001367984 0.015047879616963087 0.019151846785225714
0 0.1580027359781122 0.4528043775649795 0.017783857729138167 0.019151846785225714
0 0.3125854993160055 0.3686730506155951 0.02325581395348838 0.028727770177838535
0 0.4958960328317374 0.20451436388508892 0.01778385772913822 0.023255813953488344
0 0.15321477428180574 0.7352941176470589 0.0164158686730506 0.023255813953488202
0 0.627906976744186 0.7763337893296854 0.030095759233926173 0.031463748290013596
0 0.719562243502052 0.7592339261285909 0.030095759233926173 0.03009575923392603
0 0.5369357045143639 0.6497948016415868 0.03146374829001381 0.03283173734610116
0 0.1409028727770178 0.8488372093023255 0.027359781121751022 0.025991792065663474
0 0.05745554035567716 0.8980848153214773 0.041039671682626545 0.03419972640218873
0 0.3816689466484268 0.9644322845417236 0.03830369357045143 0.0355677154582763
0 0.6744186046511628 0.27906976744186046 0.021887824897400775 0.030095759233926173
