0 0.26940290758047764 0.644080996884735 0.030269989615784035 0.03271028037383175
0 0.38669911734164075 0.6066978193146416 0.03783748701973003 0.020249221183800542
0 0.5176168224299065 0.44781931464174446 0.030269989615783997 0.04205607476635521
0 0.48886033229491177 0.512461059190031 0.03329698857736247 0.028037383177570093
0 0.7257230010384217 0.3831775700934578 0.025729491173416507 0.03115264797507784
0 0.6924260124610592 0.439252336448598 0.016648494288681235 0.018691588785046703
0 0.5456165628245067 0.6090342679127724 0.022702492211838034 0.015576323987538956
0 0.15210669781931466 0.8714953271028036 0.025729491173416434 0.023364485981308435
0 0.19070093457943926 0.9595015576323986 0.030269989615783997 0.018691588785046634
0 0.12032320872274144 0.1191588785046729 0.034810488058151595 0.029595015576323984
0 0.30799714434060227 0.1144859813084112 0.022702492211838 0.0264797507788162
0 0.3556723779854621 0.009345794392523362 0.0363239875389408 0.018691588785046724
0 0.7045340083073728 0.09267912772585668 0.013621495327102764 0.020249221183800632
0 0.5486435617860852 0.09657320872274142 0.019675493250259492 0.012461059190031154
0 0.6167510384215992 0.2390965732087227 0.016648494288681235 0.020249221183800615
0 0.7802089823468329 0.37227414330218067 0.025729491173416365 0.021806853582554523
0 0.7264797507788162 0.5046728971962616 0.024215991692627198 0.018691588785046776
0 0.5115628245067497 0.5451713395638629 0.0181619937694704 0.021806853582554523
0 0.45253634475597093 0.5404984423676011 0.021188992731048798 0.024922118380062343
0 0.4759955867082035 0.5537383177570093 0.022702492211838034 0.017133956386292795
0 0.4290771028037383 0.4314641744548286 0.016648494288681235 0.028037383177570093
0 0.34507788161993774 0.5101246105919002 0.01816199376947033 0.020249221183800684
0 0.41621235721703015 0.49688473520249216 0.021188992731048798 0.015576323987539028
0 0.45404984423676015 0.5093457943925233 0.0181619937694704 0.024922118380062273
0 0.46313084112149555 0.4844236760124604 0.03935098650051944 0.02492211838006204
0 0.8445327102803739 0.7102803738317754 0.02118899273104873 0.018691588785046776
0 0.7756684839044652 0.7406542056074764 0.025729491173416507 0.023364485981308435
0 0.7189122533748702 0.4080996884735202 0.033296988577362324 0.012461059190031137
0 0.03783748701973001 0.019470404984423675 0.030269989615784008 0.0264797507788162
0 0.053729231568016615 0.5443925233644858 0.025729491173416406 0.023364485981308362
0 0.5236708203530632 0.49143302180685355 0.01210799584631367 0.014018691588785047
0 0.4971845794392523 0.48676012461059187 0.013621495327102764 0.023364485981308362
0 0.4464823468328142 0.5661993769470405 0.02421599169262727 0.020249221183800684
0 0.47069833852544135 0.5669781931464174 0.021188992731048798 0.012461059190031137
0 0.31480789200415366 0.8263239875389407 0.012107995846313599 0.014018691588784975
