0 0.28378378378378377 0.7182952182952181 0.01247401247401246 0.020790020790020805
0 0.5683471933471934 0.6756756756756755 0.012474012474012497 0.016632016632016616
0 0.49155405405405406 0.7863825363825363 0.0132536382536383 0.013513513513513544
0 0.48687629937629934 0.94022869022869 0.011694386694386693 0.015592515592515638
0 0.08303014553014552 0.8367983367983368 0.011694386694386693 0.014553014553014663
0 0.07445426195426195 0.9246361746361745 0.010135135135135132 0.013513513513513544
0 0.16411122661122662 0.9189189189189187 0.01637214137214139 0.016632016632016616
0 0.23895530145530142 0.8918918918918917 0.011694386694386693 0.016632016632016616
0 0.2826143451143451 0.38721413721413717 0.010135135135135122 0.015592515592515638
0 0.22726091476091476 0.29677754677754675 0.011694386694386659 0.019750519750519793
0 0.030405405405405404 0.16735966735966734 0.01247401247401247 0.01871101871101871
0 0.028066528066528065 0.22141372141372137 0.007796257796257793 0.014553014553014556
0 0.01676195426195426 0.2718295218295218 0.008575883575883576 0.013513513513513509
0 0.5317047817047817 0.24428274428274427 0.012474012474012426 0.016632016632016616
0 0.64747920997921 0.20270270270270266 0.013253638253638228 0.014553014553014556
0 0.9624480249480248 0.647089397089397 0.011694386694386764 0.015592515592515425
0 0.19178794178794178 0.7198544698544697 0.014033264033264032 0.015592515592515638
0 0.1298076923076923 0.7354469854469855 0.011694386694386693 0.015592515592515638
0 0.37967775467775466 0.9106029106029105 0.010914760914760891 0.01871101871101871
0 0.022609147609147607 0.938149688149688 0.007796257796257799 0.011434511434511591
0 0.4042359667359667 0.18866943866943864 0.011694386694386622 0.017671517671517697
