0 0.10743243243243242 0.7754677754677755 0.033056133056133044 0.022869022869022898
0 0.08264033264033264 0.43762993762993757 0.03856548856548856 0.0332640332640333
0 0.6156704781704782 0.44490644490644493 0.035810810810810806 0.035343035343035324
0 0.7899038461538461 0.3108108108108108 0.03994282744282742 0.029106029106029076
0 0.5454261954261955 0.25623700623700624 0.033056133056132996 0.030145530145530123
0 0.3498440748440748 0.17931392931392934 0.041320166320166295 0.025987525987526006
0 0.20384615384615387 0.11902286902286903 0.022037422037422053 0.017671517671517662
0 0.41939968814968814 0.40384615384615385 0.017905405405405476 0.017671517671517662
0 0.4290410602910603 0.5181912681912683 0.017905405405405403 0.013513513513513473
0 0.3884095634095634 0.5228690228690229 0.019282744282744277 0.01455301455301445
0 0.4779365904365904 0.5795218295218295 0.01652806652806646 0.015592515592515638
0 0.505483367983368 0.6824324324324325 0.02203742203742209 0.019750519750519686
0 0.19833679833679832 0.7219334719334719 0.016528066528066498 0.015592515592515638
0 0.04269750519750519 0.7666320166320167 0.013773388773388765 0.015592515592515638
0 0.6053404365904366 0.8393970893970893 0.017905405405405403 0.015592515592515496
0 0.7244802494802494 0.8622661122661123 0.019282744282744346 0.015592515592515638
0 0.8629028066528066 0.8955301455301455 0.03443347193347193 0.03846153846153854
0 0.9524298336798336 0.6824324324324325 0.017905405405405334 0.019750519750519686
0 0.9173076923076923 0.8066528066528068 0.01377338877338886 0.020790020790020805
0 0.9531185031185031 0.5207900207900208 0.011018711018710974 0.01871101871101864
0 0.9000909563409565 0.26455301455301455 0.015150727650727589 0.017671517671517662
0 0.8374220374220375 0.3653846153846154 0.019282744282744204 0.023908523908523875
0 0.7272349272349271 0.4407484407484407 0.019282744282744346 0.01871101871101871
0 0.8105639293139294 0.16216216216216217 0.026169438669438563 0.020790020790020805
0 0.8367333679833681 0.056133056133056136 0.02341476091476082 0.014553014553014556
0 0.9000909563409563 0.02494802494802495 0.012396049896049987 0.01871101871101871
0 0.8766761954261955 0.034823284823284825 0.009641372141372102 0.015592515592515595
0 0.39460758835758836 0.07848232848232849 0.020660083160083147 0.015592515592515604
0 0.36086278586278586 0.018191268191268192 0.011018711018710974 0.01975051975051975
0 0.5288981288981289 0.21361746361746362 0.016528066528066602 0.009355509355509354
0 0.6363305613305613 0.25779625779625776 0.019282744282744416 0.014553014553014556
0 0.415956340956341 0.2874220374220374 0.019282744282744277 0.013513513513513473
0 0.006886694386694385 0.2103852650727651 0.01377338877338877 0.019523128898128874
0 0.015150727650727652 0.36278586278586283 0.022037422037422035 0.022869022869022898
0 0.2616943866943867 0.44490644490644493 0.013773388773388788 0.016632016632016616
0 0.6638773388773389 0.6824324324324326 0.011018711018710974 0.017671517671517593
0 0.7988565488565489 0.961018711018711 0.013773388773388717 0.015592515592515638
0 0.7981678794178794 0.8991683991683992 0.015150727650727731 0.016632016632016758
0 0.9069776507276507 0.4054054054054053 0.012396049896049845 0.010395010395010403
0 0.6866034303534303 0.25623700623700624 0.020660083160083217 0.021829521829521817
0 0.8071205821205821 0.26715176715176714 0.02203742203742195 0.012474012474012497
0 0.8105639293139294 0.22505197505197508 0.012396049896049845 0.013513513513513509
0 0.6390852390852391 0.1756756756756757 0.01652806652806646 0.014553014553014556
