0 0.475705329153605 0.5363239289446186 0.007836990595611297 0.028033437826541316
0 0.46708463949843265 0.4573876698014629 0.008359456635318665 0.020656217345872533
0 0.4103970741901777 0.21320167189132708 0.012016718913270665 0.03393521421107629
0 0.5101880877742947 0.6241128526645768 0.014106583072100278 0.041312434691745066
0 0.6324451410658307 0.6359164054336468 0.007836990595611226 0.026557993730407504
0 0.6494252873563218 0.6514085684430512 0.0052246603970741035 0.01918077324973879
0 0.7463427377220481 0.5687836990595612 0.006792058516196562 0.01918077324973879
0 0.6925287356321839 0.20803761755485894 0.006792058516196562 0.01475444096133753
0 0.5663531870428422 0.06787042842215256 0.008359456635318665 0.02655799373040752
0 0.5013061650992685 0.1571347962382445 0.008881922675026245 0.02508254963427376
0 0.5757575757575758 0.21762800417972833 0.007314524555903859 0.02213166144200624
0 0.5838557993730408 0.41238662486938354 0.007836990595611297 0.03983699059561126
0 0.60423197492163 0.5665705329153604 0.00679205851619642 0.020656217345872533
0 0.601619644723093 0.5060773249738767 0.005747126436781542 0.01770532915360505
0 0.6632706374085686 0.7554273772204806 0.005747126436781542 0.014754440961337566
0 0.660135841170324 0.8469049111807732 0.004702194357366807 0.01180355276907008
0 0.9049111807732498 0.5488652037617555 0.012539184952978105 0.035410658307210026
0 0.7575757575757575 0.09811703239289446 0.008359456635318594 0.02508254963427376
0 0.8134796238244515 0.20213584117032393 0.0052246603970741035 0.02360710553814002
0 0.8957680250783698 0.20803761755485894 0.005747126436781542 0.02360710553814002
0 0.940700104493208 0.2191034482758621 0.005747126436781685 0.019180773249738756
0 0.9877220480668757 0.267055381400209 0.005747126436781542 0.017705329153605013
0 0.23171368861024036 0.42935423197492173 0.01201671891327063 0.02950888192267506
0 0.1512539184952978 0.403533960292581 0.007836990595611297 0.022131661442006276
0 0.23197492163009406 0.17779101358411706 0.0083594566353187 0.022131661442006276
0 0.2442528735632184 0.12836363636363637 0.007836990595611297 0.020656217345872533
0 0.20193312434691746 0.1785287356321839 0.007836990595611297 0.02360710553814002
0 0.13636363636363635 0.0486896551724138 0.010449320794148384 0.02360710553814002
0 0.008098223615464995 0.11582236154649948 0.00992685475444096 0.022131661442006276
0 0.07236154649947753 0.21762800417972833 0.00783699059561128 0.02213166144200624
0 0.14184952978056425 0.14311807732497386 0.006792058516196437 0.02655799373040754
0 0.12826541274817138 0.1549216300940439 0.004702194357366771 0.017705329153604996
0 0.05747126436781609 0.1593479623824451 0.006269592476489034 0.020656217345872516
0 0.0875130616509927 0.2021358411703239 0.0067920585161964555 0.017705329153605013
0 0.13557993730407525 0.3209090909090909 0.007836990595611316 0.01918077324973879
0 0.0794148380355277 0.46919122257053286 0.005224660397074183 0.014754440961337495
0 0.08881922675026123 0.6034566353187043 0.007314524555903859 0.017705329153604978
0 0.12304075235109718 0.5828004179728318 0.0057471264367816135 0.014754440961337635
0 0.0109717868338558 0.7259184952978057 0.008359456635318705 0.020656217345872533
0 0.06452455590386626 0.9125621734587253 0.005747126436781622 0.022131661442006276
0 0.10658307210031348 0.8498557993730407 0.0083594566353187 0.02360710553814002
0 0.1836468129571578 0.6794420062695924 0.0057471264367816135 0.016229885057471166
0 0.2552246603970742 0.937644723092999 0.007836990595611262 0.02508254963427376
0 0.26933124346917453 0.9118244514106584 0.004702194357366771 0.014754440961337566
0 0.31295715778474403 0.8852664576802508 0.006269592476489017 0.02065621734587239
0 0.4028213166144201 0.860921630094044 0.009404388714733472 0.01918077324973879
0 0.0577324973876698 0.7782967607105539 0.0067920585161964555 0.01918077324973879
0 0.09561128526645767 0.7635423197492163 0.006269592476489034 0.019180773249738648
0 0.05067920585161964 0.6491954022988505 0.0041797283176593595 0.01770532915360491
0 0.03317659352142111 0.9435464994775339 0.005747126436781609 0.013278996865203823
0 0.10370950888192267 0.9487105538140022 0.0057471264367816135 0.01770532915360491
0 0.2108150470219436 0.8277241379310345 0.00679205851619642 0.014754440961337566
0 0.17607105538140022 0.7229676071055383 0.007314524555903859 0.020656217345872533
0 0.2938871473354232 0.5923908045977012 0.0067920585161964555 0.016229885057471236
0 0.35240334378265414 0.5223072100313481 0.006792058516196491 0.014754440961337495
0 0.3837513061650993 0.42123928944618605 0.007836990595611297 0.02508254963427376
0 0.36442006269592475 0.3865663531870429 0.004702194357366807 0.01180355276907001
0 0.34430512016718917 0.27517032392894464 0.006269592476488981 0.022131661442006276
0 0.2526123301985371 0.22648066875653083 0.007836990595611297 0.022131661442006276
0 0.23824451410658307 0.26631765935214213 0.00522466039707421 0.02213166144200631
0 0.22152560083594566 0.13795402298850576 0.00522466039707421 0.02508254963427378
0 0.23066875653082547 0.14164263322884013 0.005747126436781578 0.017705329153605013
0 0.2364158829676071 0.06787042842215256 0.004702194357366771 0.017705329153605006
0 0.22178683385579936 0.007377220480668758 0.00679205851619642 0.014754440961337515
0 0.04022988505747126 0.01180355276907001 0.007314524555903867 0.020656217345872516
0 0.11886102403343783 0.6956718913270638 0.004702194357366771 0.013278996865203965
0 0.060083594566353184 0.7325579937304076 0.009404388714733543 0.022131661442006276
0 0.7536572622779519 0.7362466039707419 0.005747126436781685 0.014754440961337566
0 0.5590386624869383 0.5451765935214211 0.008359456635318665 0.022131661442006133
0 0.5331765935214211 0.5643573667711599 0.006792058516196491 0.019180773249738648
0 0.5250783699059561 0.610833855799373 0.005224660397074246 0.017705329153604978
0 0.5885579937304075 0.777559038662487 0.007836990595611297 0.02360710553814002
0 0.8923719958202717 0.009590386624869383 0.015673981191222593 0.019180773249738766
0 0.8296760710553815 0.07819853709508882 0.007314524555903859 0.02655799373040754
0 0.8095611285266457 0.1150846394984326 0.004702194357366665 0.020656217345872516
0 0.8132183908045977 0.2279561128526646 0.006792058516196562 0.01622988505747127
0 0.7118599791013586 0.12246185997910136 0.005747126436781542 0.017705329153604996
0 0.730146290491118 0.4027962382445141 0.004702194357366807 0.026557993730407504
0 0.7865726227795193 0.6041943573667712 0.00679205851619642 0.016229885057471236
0 0.7735109717868337 0.6669007314524555 0.005747126436781542 0.020656217345872533
0 0.8304597701149425 0.6329655172413794 0.008881922675026032 0.01770532915360505
0 0.8069487983281087 0.978957157784744 0.004702194357366807 0.013278996865203823
0 0.8009404388714734 0.9118244514106584 0.005224660397074246 0.01770532915360505
0 0.5650470219435736 0.8277241379310345 0.005747126436781542 0.014754440961337566
0 0.7756008359456635 0.5584555903866248 0.00679205851619642 0.01918077324973872
0 0.5428422152560084 0.5422257053291536 0.006269592476489052 0.01918077324973879
0 0.5506792058516197 0.5702591431556949 0.006269592476489052 0.01622988505747131
0 0.5875130616509927 0.5326353187042843 0.005747126436781685 0.014754440961337495
0 0.384012539184953 0.1394294670846395 0.006269592476489052 0.019180773249738773
0 0.3171368861024033 0.2633667711598746 0.00522466039707421 0.01622988505747127
0 0.3991640543364682 0.3769759665621734 0.008359456635318665 0.01918077324973872
0 0.27951933124346917 0.5046018808777429 0.005224660397074139 0.01770532915360505
0 0.22727272727272727 0.5363239289446186 0.006269592476489017 0.01918077324973872
0 0.2502612330198537 0.5186185997910137 0.004179728317659333 0.01622988505747131
0 0.3557993730407523 0.7369843260188088 0.005224660397074175 0.01918077324973879
0 0.4088296760710554 0.7583782654127481 0.0057471264367816135 0.020656217345872533
0 0.43416927899686514 0.6654252873563218 0.006269592476489052 0.02360710553814002
0 0.42032392894461856 0.14459352142110762 0.004702194357366807 0.014754440961337512
0 0.4359979101358412 0.17262695924764893 0.008881922675026103 0.020656217345872533
0 0.48772204806687564 0.20213584117032393 0.007836990595611297 0.02950888192267506
