0 0.17340681175099867 0.151797603195739 0.0730744424101198 0.10119840213049267
0 0.6756486143475365 0.2303595206391478 0.06379514813581878 0.06657789613848202
0 0.5213803470372835 0.5246338215712383 0.07307444241011979 0.085219707057257
0 0.5990944365845539 0.5938748335552597 0.04987620672436755 0.06924101198402134
0 0.7121858355525964 0.6504660452729694 0.07191453062583221 0.05992010652463371
0 0.8159979402463381 0.6770972037283621 0.04059691245006647 0.054593874833555135
0 0.4100288157456724 0.5639147802929427 0.06147532456724363 0.070572569906791
0 0.44192638981358184 0.4840213049267643 0.034797353528628464 0.03861517976031955
0 0.24184160702396804 0.5865512649800266 0.07539426597869507 0.0652463382157125
0 0.11657113432090545 0.4620505992010652 0.04987620672436752 0.0719041278295606
0 0.7377038948069241 0.36684420772303594 0.051036118508655054 0.051930758988015954
0 0.8931320739014645 0.12050599201065246 0.04639647137150462 0.04394141145139813
0 0.7429234978362182 0.7856191744340879 0.049876206724367475 0.05326231691078562
0 0.7997591752663115 0.5652463382157125 0.049876206724367475 0.06524633821571235
0 0.8838527796271637 0.39813581890812244 0.02319823568575231 0.061251664447403514
0 0.42626758072569904 0.2669773635153129 0.0313176181757656 0.0359520639147803
0 0.20298456225033285 0.7743009320905461 0.046396471371504655 0.04394141145139813
0 0.28707816661118507 0.9354194407456724 0.04987620672436755 0.054593874833555274
0 0.9720840962050599 0.9280958721704394 0.05583180758988021 0.11984021304926756
0 0.10729184004660454 0.6957390146471372 0.03363744174434087 0.03328894806924097
0 0.12295064913448735 0.9101198402130493 0.027837882822902813 0.022636484687083964
0 0.6704290113182424 0.5752330226364847 0.03247752996005332 0.034620505992010636
0 0.030737662283621833 0.061917443408788284 0.022038323901464714 0.019973368841544607
0 0.00985925016644474 0.08721704394141146 0.01971850033288948 0.04127829560585886
0 0.5005019349201065 0.03195739014647137 0.0313176181757656 0.03994673768308921
0 0.8699338382157122 0.26897470039946736 0.025518059254327596 0.031957390146471386
0 0.828756969873502 0.12982689747003995 0.028997794607190316 0.033288948069240994
0 0.6762285702396804 0.9254327563249001 0.034797353528628464 0.037283621837549956
0 0.6744887025632491 0.9760319573901465 0.03595726531291618 0.0426098535286286
0 0.9789655459387484 0.7689747003994674 0.03247752996005332 0.04660452729693745
0 0.9343089422436751 0.7689747003994674 0.0313176181757656 0.03328894806924097
