0 0.11080711354309165 0.10601915184678522 0.1039671682626539 0.11080711354309164
0 0.40355677154582764 0.27564979480164165 0.05198358413132695 0.06155950752393981
0 0.6942544459644323 0.8262653898768809 0.12448700410396718 0.11764705882352927
0 0.49316005471956226 0.7004103967168263 0.06703146374829004 0.06839945280437774
0 0.32694938440492477 0.8331053351573188 0.07387140902872776 0.07660738714090286
0 0.179890560875513 0.48768809849521205 0.08618331053351574 0.09712722298221614
0 0.7154582763337893 0.573187414500684 0.06292749658002719 0.05745554035567715
0 0.5389876880984953 0.6203830369357045 0.04924760601915189 0.050615595075239384
0 0.7564979480164159 0.7708618331053352 0.04377564979480155 0.04514363885088926
0 0.7441860465116279 0.2660738714090287 0.04103967168262642 0.05882352941176471
0 0.6887824897400822 0.14774281805745557 0.04787961696306425 0.05198358413132697
0 0.30506155950752395 0.15253077975376197 0.04377564979480166 0.0478796169630643
0 0.1573187414500684 0.8549931600547196 0.03556771545827633 0.03830369357045129
0 0.23255813953488372 0.83515731874145 0.03009575923392614 0.036935704514363864
0 0.12175102599179206 0.920656634746922 0.04924760601915185 0.04924760601915182
0 0.09986320109439126 0.9781121751025992 0.05471956224350206 0.043775649794801696
0 0.4001367989056088 0.9904240766073872 0.039671682626538925 0.019151846785225787
0 0.8467852257181943 0.9801641586867305 0.030095759233926173 0.039671682626538994
0 0.7127222982216143 0.7140902872777017 0.04103967168262656 0.04924760601915182
0 0.8980848153214773 0.5451436388508892 0.036935704514364 0.039671682626538994
0 0.813953488372093 0.2708618331053351 0.030095759233926173 0.038303693570451464
0 0.14363885088919287 0.40902872777017785 0.03556771545827633 0.04103967168262656
0 0.8064295485636115 0.7079343365253078 0.036935704514364 0.039671682626538994
0 0.8440492476060192 0.8659370725034199 0.019151846785225787 0.0355677154582763
0 0.893296853625171 0.7715458276333789 0.02735978112175104 0.03009575923392603
0 0.9863201094391245 0.6333789329685362 0.02735978112175104 0.03283173734610124
0 0.9302325581395349 0.5813953488372092 0.02462380300957605 0.02735978112175104
0 0.8980848153214773 0.3508891928864569 0.028727770177838608 0.028727770177838608
0 0.811217510259918 0.3980848153214774 0.030095759233926173 0.04377564979480162
0 0.6963064295485637 0.3652530779753762 0.0355677154582763 0.0383036935704515
0 0.5902872777017784 0.5902872777017784 0.0341997264021888 0.03693570451436393
0 0.6648426812585498 0.6580027359781121 0.03283173734610116 0.04651162790697669
0 0.4842681258549932 0.5082079343365253 0.03283173734610124 0.04514363885088926
0 0.5013679890560876 0.5998632010943913 0.02325581395348827 0.028727770177838608
0 0.3734610123119015 0.6785225718194254 0.02462380300957598 0.03283173734610131
0 0.35636114911080713 0.7065663474692204 0.02051983584131328 0.025991792065663474
0 0.4220246238030096 0.7387140902872776 0.023255813953488344 0.02735978112175104
0 0.2913816689466484 0.43912448700410395 0.024623803009575944 0.030095759233926104
0 0.11285909712722297 0.4521203830369357 0.025991792065663474 0.028727770177838608
0 0.06155950752393981 0.6306429548563611 0.019151846785225714 0.030095759233926104
0 0.013679890560875511 0.6833105335157319 0.027359781121751022 0.03419972640218887
