0 0.41928864569083446 0.8310533515731874 0.04787961696306432 0.053351573187414514
0 0.2824897400820794 0.6306429548563611 0.056087551299589616 0.05745554035567715
0 0.2127222982216142 0.8686730506155951 0.04240766073871409 0.04924760601915182
0 0.7305061559507524 0.380984952120383 0.04651162790697683 0.056087551299589575
0 0.8611491108071135 0.5889192886456908 0.05335157318741466 0.05882352941176471
0 0.6689466484268126 0.454172366621067 0.05198358413132695 0.06019151846785228
0 0.8392612859097127 0.42270861833105333 0.036935704514363864 0.04924760601915182
0 0.043091655266757865 0.13269493844049246 0.03967168262653898 0.04651162790697676
0 0.030095759233926128 0.25444596443228457 0.030095759233926125 0.03556771545827633
0 0.030095759233926128 0.5622435020519836 0.041039671682626545 0.04377564979480162
0 0.022571819425444596 0.627906976744186 0.04514363885088919 0.04377564979480162
0 0.3481532147742818 0.585499316005472 0.025991792065663474 0.03556771545827644
0 0.5937072503419972 0.2763337893296854 0.0355677154582763 0.04651162790697676
0 0.34815321477428185 0.3761969904240766 0.031463748290013666 0.02735978112175104
0 0.6073871409028727 0.40971272229822164 0.03556771545827644 0.036935704514363864
0 0.9863201094391245 0.8002735978112177 0.02735978112175104 0.043775649794801696
