0 0.06596573208722742 0.22274143302180685 0.02398753894080997 0.028037383177570093
0 0.20139537902388369 0.17834890965732086 0.008995327102803721 0.023364485981308435
0 0.3698078920041537 0.32476635514018687 0.029984423676012426 0.03582554517133957
0 0.4357736240913811 0.3099688473520249 0.017990654205607512 0.03426791277258566
0 0.46126038421599175 0.35669781931464173 0.024987019730010402 0.04049844236760123
0 0.5037383177570094 0.2897196261682243 0.03198338525441336 0.043613707165109046
0 0.4782515576323988 0.29127725856697817 0.03098390446521293 0.040498442367601264
0 0.4207814122533749 0.36059190031152644 0.0219885773624091 0.03894080996884739
0 0.3413226895119419 0.5109034267912772 0.026985981308411268 0.04984423676012455
0 0.43627336448598136 0.6853582554517134 0.02098909657320874 0.03738317757009355
0 0.4567627206645899 0.5950155763239875 0.021988577362409174 0.03738317757009341
0 0.5187305295950156 0.5926791277258566 0.02998442367601257 0.0545171339563862
0 0.5082359813084112 0.4727414330218069 0.0269859813084112 0.03894080996884732
0 0.6366692627206646 0.5350467289719626 0.03198338525441322 0.045171339563862885
0 0.5602089823468329 0.5755451713395638 0.018990134994807947 0.029595015576324
0 0.596690031152648 0.6425233644859812 0.03798026998961575 0.03894080996884746
0 0.5327232606438215 0.3862928348909657 0.017990654205607512 0.03738317757009341
0 0.3338265835929387 0.050623052959501445 0.027985462097611654 0.03271028037383159
0 0.26985981308411217 0.017133956386292833 0.02398753894080997 0.01557632398753894
0 0.22088525441329182 0.6651090342679129 0.02198857736240914 0.03738317757009341
0 0.30784008307372795 0.7406542056074766 0.023987538940809933 0.026479750778816112
0 0.3023429387331257 0.7975077881619937 0.01899013499480791 0.031152647975077913
0 0.19739745586708202 0.8847352024922118 0.022988058151609536 0.03738317757009355
0 0.8665498442367601 0.6417445482866043 0.0219885773624091 0.03738317757009348
0 0.9080282969885775 0.7624610591900312 0.018990134994808016 0.038940809968847245
0 0.9255192107995848 0.9361370716510904 0.019989615784008378 0.024922118380062273
0 0.7865913811007269 0.7982866043613707 0.017990654205607512 0.045171339563862885
0 0.8095794392523366 0.6253894080996885 0.013992731048805922 0.029595015576324
0 0.7631035825545172 0.11137071651090341 0.020989096573208597 0.023364485981308417
0 0.6946391484942888 0.34890965732087226 0.01399273104880578 0.028037383177570093
0 0.5352219626168224 0.7079439252336448 0.022988058151609536 0.03271028037383175
0 0.5592095015576324 0.6386292834890965 0.024987019730010402 0.03738317757009348
0 0.09595015576323988 0.7873831775700936 0.019989615784008326 0.03894080996884739
0 0.14292575285565942 0.7710280373831776 0.017990654205607495 0.028037383177570093
0 0.08445612668743512 0.5537383177570093 0.01499221183800623 0.029595015576324
0 0.21338914849428867 0.43691588785046725 0.016991173416407043 0.020249221183800615
0 0.26586188992731047 0.07788161993769471 0.01998961578400831 0.031152647975077885
0 0.3168354101765317 0.21417445482866043 0.017990654205607512 0.023364485981308435
0 0.6046858774662514 0.21417445482866043 0.035981308411214954 0.03271028037383175
0 0.57720015576324 0.4626168224299064 0.038979750778816186 0.0404984423676013
0 0.782093717549325 0.35124610591900307 0.024987019730010475 0.029595015576324
0 0.07546079958463137 0.735981308411215 0.02298805815160957 0.03271028037383176
