0 0.15991692627206647 0.1954828660436137 0.21183800623052965 0.2601246105919003
0 0.7632398753894083 0.40732087227414326 0.06438213914849414 0.05451713395638627
0 0.37071651090342683 0.35046728971962615 0.05192107995846314 0.03426791277258573
0 0.7455867082035307 0.9010903426791278 0.062305295950155826 0.045171339563862885
0 0.908618899273105 0.7484423676012462 0.039460020768432004 0.026479750778816254
0 0.21703011422637594 0.9501557632398755 0.1017653167185878 0.06853582554517132
0 0.11214953271028037 0.9049844236760126 0.03322949117341642 0.028037383177570093
0 0.2907580477673936 0.9291277258566979 0.0332294911734164 0.017133956386292795
0 0.07788161993769471 0.5179127725856698 0.02699896157840085 0.026479750778816254
0 0.14122533748701974 0.6222741433021807 0.024922118380062308 0.026479750778816112
0 0.3582554517133955 0.6168224299065417 0.035306334371755156 0.031152647975077906
0 0.39875389408099693 0.0926791277258567 0.024922118380062273 0.02647975077881621
0 0.3312564901349948 0.2780373831775701 0.031152647975077875 0.026479750778816216
0 0.6282450674974039 0.35046728971962615 0.039460020768431935 0.021806853582554454
0 0.7341640706126689 0.21651090342679125 0.02699896157840101 0.028037383177570093
0 0.5109034267912773 0.061526479750778816 0.033229491173416364 0.023364485981308407
0 0.3468328141225338 0.3855140186915888 0.024922118380062273 0.03271028037383182
