0 0.7005374493659157 0.10436137071651089 0.09173704694077457 0.06542056074766356
0 0.3575659897805194 0.5661993769470405 0.068802785205581 0.07009345794392516
0 0.4305386407561356 0.589563862928349 0.03961372481533452 0.03894080996884746
0 0.5149784225993487 0.5700934579439252 0.07088771809059864 0.049844236760124616
0 0.9403047311429404 0.5576323987538941 0.09590691271080985 0.05295950155763236
0 0.8058265600593046 0.4696261682242991 0.03544385904529932 0.04205607476635514
0 0.7495333721638293 0.3847352024922118 0.0562931878954754 0.04672897196261687
0 0.7870621640941462 0.35903426791277254 0.07714251674565148 0.07009345794392523
0 0.041698657700352124 0.5228452712204598 0.08339731540070425 0.04776740148431415
0 0.14594530195123243 0.45794392523364486 0.041698657700352124 0.06230529595015583
0 0.18555902676656694 0.6199376947040498 0.04586852347038732 0.043613707165109046
0 0.0719301845331074 0.6985981308411214 0.06463291943554579 0.04828660436137056
0 0.036486325487808106 0.6549844236760124 0.05212332212544015 0.0358255451713395
0 0.04274112414286092 0.7071651090342678 0.02710412750522888 0.03115264797507777
0 0.03961372481533452 0.7414330218068537 0.05003838924042255 0.03426791277258573
0 0.026061661062720076 0.8738317757009345 0.04378359058536973 0.04672897196261687
0 0.09590691271080987 0.9197819314641745 0.04169865770035211 0.03894080996884739
0 0.15532749993381165 0.897196261682243 0.035443859045299286 0.031152647975077913
0 0.24706454687458632 0.956386292834891 0.022934261735193716 0.031152647975077913
0 0.3179522649651849 0.6752336448598131 0.03961372481533452 0.038940809968847245
0 0.290848137459956 0.7881619937694704 0.03961372481533448 0.024922118380062273
0 0.730768976198671 0.7422118380062305 0.0562931878954754 0.03271028037383189
0 0.6661360567631252 0.8193146417445483 0.04795345635540485 0.024922118380062273
0 0.5066386910592783 0.8870716510903427 0.02918906039024648 0.020249221183800473
0 0.44096330518122373 0.7414330218068536 0.03961372481533452 0.024922118380062273
0 0.53999761721956 0.7118380062305295 0.045868523470387286 0.03426791277258573
0 0.4378359058536973 0.6767912772585669 0.04169865770035216 0.03271028037383175
0 0.27833854014985043 0.43457943925233644 0.03961372481533448 0.028037383177570093
0 0.13239323819861798 0.3574766355140187 0.03961372481533452 0.03582554517133957
0 0.2376823488920071 0.34190031152647976 0.037528791930316954 0.020249221183800615
0 0.35339612401048426 0.28582554517133957 0.0521233221254402 0.032710280373831786
0 0.3836276508432395 0.2009345794392523 0.05003838924042249 0.043613707165109046
0 0.42636877498610043 0.10358255451713395 0.04378359058536972 0.026479750778816216
0 0.5201907548118928 0.23598130841121495 0.05629318789547533 0.04517133956386292
0 0.6442442614704403 0.21728971962616822 0.05420825501045783 0.02647975077881618
0 0.6817730534007572 0.25 0.05837812078049296 0.03582554517133953
0 0.9267526673903259 0.29750778816199375 0.08131238251568661 0.028037383177570093
0 0.8548224828572185 0.3855140186915888 0.05003838924042256 0.04517133956386296
0 0.9267526673903259 0.4330218068535825 0.06880278520558107 0.043613707165109046
0 0.9340499324878874 0.37928348909657317 0.05003838924042256 0.023364485981308362
0 0.8339731540070424 0.15342679127725856 0.07505758386063377 0.04517133956386294
0 0.7964443620767255 0.1721183800623053 0.06254798655052823 0.0264797507788162
0 0.7495333721638295 0.03426791277258567 0.09382197982579228 0.049844236760124616
0 0.5712716104948241 0.09968847352024922 0.06254798655052816 0.028037383177570093
0 0.08339731540070425 0.024143302180685357 0.09173704694077468 0.048286604361370715
0 0.27833854014985043 0.1425233644859813 0.04378359058536969 0.020249221183800632
0 0.11988364088851235 0.2609034267912772 0.08131238251568666 0.05140186915887849
0 0.27521114082232395 0.220404984423676 0.04169865770035216 0.026479750778816216
0 0.21579055359932225 0.23208722741433022 0.08131238251568665 0.0467289719626168
0 0.8475252177596567 0.8769470404984423 0.031273993275264186 0.018691588785046776
0 0.6004606708850705 0.38161993769470404 0.05837812078049296 0.028037383177570093
0 0.5848236742474385 0.4236760124610592 0.047953456355404926 0.03738317757009348
0 0.6546689258955283 0.4719626168224299 0.045868523470387286 0.021806853582554523
0 0.6661360567631252 0.4485981308411215 0.039613724815334594 0.024922118380062273
0 0.6765607211882133 0.3559190031152648 0.047953456355404996 0.03582554517133957
0 0.3325467951603082 0.04906542056074766 0.05629318789547532 0.042056074766355145
0 0.36694818776309873 0.9485981308411214 0.02501919462021128 0.024922118380062416
0 0.7120045802335124 0.9400311526479751 0.05212332212544012 0.03271028037383175
0 0.9330074660453787 0.9727414330218067 0.03961372481533445 0.017133956386292795
0 0.8308457546795159 0.9906542056074766 0.05212332212544012 0.018691588785046776
0 0.7808073654390936 0.9914330218068537 0.05212332212544012 0.017133956386292795
0 0.7047073151359509 0.20249221183800623 0.03335892616028161 0.021806853582554523
0 0.6265223319477906 0.16433021806853582 0.047953456355404996 0.02647975077881618
0 0.9132006036377115 0.8052959501557632 0.04169865770035201 0.03426791277258559
0 0.7380662412962326 0.8302180685358255 0.05003838924042256 0.028037383177570093
0 0.9590691271080988 0.9065420560747662 0.050038389240422705 0.03115264797507777
0 0.9006910063276058 0.8940809968847353 0.03335892616028176 0.03738317757009341
0 0.6077579359826322 0.8707165109034268 0.05629318789547533 0.03738317757009355
0 0.41802904344603 0.4065420560747664 0.047953456355404996 0.03426791277258566
0 0.24289468110455112 0.7383177570093458 0.03961372481533452 0.021806853582554454
0 0.08548224828572185 0.0763239875389408 0.05420825501045776 0.046728971962616814
0 0.13864803685367078 0.06931464174454828 0.0354438590452993 0.01713395638629283
0 0.19181382542161976 0.10514018691588785 0.050038389240422525 0.038940809968847356
0 0.23142755023695424 0.09813084112149532 0.045868523470387286 0.021806853582554523
0 0.28980567101744725 0.07476635514018691 0.037528791930316885 0.021806853582554516
0 0.3315043287177994 0.09423676012461059 0.020849328850176006 0.010903426791277262
0 0.4096893119059596 0.056074766355140186 0.04378359058536972 0.012461059190031154
0 0.4388783722962061 0.05685358255451713 0.022934261735193643 0.014018691588785047
0 0.5118510232718223 0.028037383177570093 0.03544385904529932 0.006230529595015577
0 0.6015031373275793 0.06230529595015575 0.018764395965158442 0.03426791277258567
0 0.6494565936829844 0.039719626168224303 0.01459453019512324 0.017133956386292833
0 0.8808841439199385 0.1791277258566978 0.027104127505228916 0.028037383177570093
0 0.9298800667178523 0.16433021806853582 0.025019194620211068 0.032710280373831765
0 0.9837044293240845 0.2017133956386293 0.032591141351830825 0.03582554517133957
0 0.18764395965158454 0.5249221183800623 0.05837812078049296 0.028037383177570093
0 0.26270154351221836 0.5677570093457943 0.02501919462021128 0.020249221183800542
0 0.6108853353101585 0.27414330218068533 0.037528791930316954 0.024922118380062305
0 0.046910989912896134 0.42133956386292837 0.02293426173519366 0.03582554517133957
0 0.5962908051150353 0.6028037383177569 0.05003838924042256 0.021806853582554523
0 0.7026223822509333 0.6666666666666665 0.03335892616028161 0.043613707165109046
0 0.9277951338328347 0.6939252336448598 0.04586852347038743 0.026479750778816254
0 0.9069458049826586 0.6674454828660435 0.02918906039024648 0.03894080996884739
0 0.937177331815414 0.6113707165109034 0.03127399327526405 0.023364485981308362
0 0.3711180535331339 0.8271028037383178 0.04169865770035209 0.024922118380062273
0 0.42741124142860926 0.8232087227414331 0.04586852347038736 0.020249221183800757
0 0.4524304360488205 0.9205607476635516 0.03335892616028168 0.028037383177570093
0 0.5441674829895952 0.9641744548286604 0.02918906039024648 0.028037383177570093
0 0.5274880199094544 0.12383177570093457 0.02501919462021128 0.0233644859813084
0 0.577526409149877 0.12850467289719625 0.02501919462021128 0.014018691588785027
0 0.17721929522649651 0.14875389408099687 0.02918906039024648 0.020249221183800615
0 0.2887632045749385 0.16978193146417447 0.035443859045299286 0.02803738317757011
0 0.2522768790871303 0.15965732087227413 0.02918906039024648 0.014018691588785027
0 0.12718090598607396 0.6378504672897196 0.0291890603902465 0.026479750778816254
0 0.19285629186412856 0.41043613707165105 0.03127399327526408 0.017133956386292795
0 0.17826176166900531 0.4618380062305296 0.047953456355404926 0.023364485981308435
0 0.5848236742474385 0.661214953271028 0.04795345635540493 0.03582554517133972
