0 0.36885194740346205 0.7436750998668442 0.07655417776298272 0.08921438082556592
0 0.6402713049267643 0.570572569906791 0.06495505992010649 0.05725699067909453
0 0.8995115887150464 0.5898801597869507 0.06147532456724363 0.061251664447403445
0 0.8699338382157122 0.39480692410119844 0.03247752996005332 0.0359520639147803
0 0.4749838756657789 0.4307589880159787 0.054515853861517985 0.04394141145139813
0 0.4912226406458056 0.1438082556591212 0.06379514813581899 0.05326231691078563
0 0.22212310669107857 0.2689747003994674 0.04987620672436752 0.05059920106524636
0 0.27837882822902793 0.31491344873502 0.025518059254327527 0.02263648468708389
0 0.29925724034620504 0.2862849533954727 0.03247752996005324 0.031957390146471386
0 0.4639647137150466 0.2982689747003995 0.020878412117177093 0.031957390146471386
0 0.4517856399800266 0.3382157123834887 0.04059691245006654 0.04527296937416778
0 0.680868217376831 0.692410119840213 0.051036118508655054 0.06391478029294277
0 0.4181481982356857 0.6338215712383488 0.0313176181757656 0.031957390146471525
0 0.19022553262316907 0.6764314247669774 0.039437000665778967 0.029294274300932132
0 0.13802950233022634 0.9347536617842878 0.0347973535286285 0.042609853528628464
0 0.3821909329227697 0.8961384820239681 0.04059691245006654 0.0559254327563248
0 0.5729964214380826 0.8994673768308921 0.0301577063914781 0.04926764314247663
0 0.5289197736351531 0.9660452729693741 0.07887400133155786 0.06790945406125175
0 0.9662065163115844 0.8695073235685752 0.0487162949400799 0.04793608521970711
0 0.758582306924101 0.9407456724367509 0.0487162949400799 0.04926764314247677
0 0.656510069906791 0.9247669773635152 0.03711717709720375 0.03861517976031948
0 0.922709824400799 0.33422103861517977 0.024358147470040024 0.047936085219707075
0 0.8432558671770971 0.24101198402130491 0.039437000665779036 0.03994673768308921
0 0.6826080850532622 0.21504660452729696 0.03595726531291618 0.038615179760319585
0 0.6942072028961384 0.3182423435419441 0.03363744174434089 0.026631158455392843
0 0.6536102904460719 0.2802929427430093 0.038277088881491325 0.04926764314247666
0 0.6582499375832224 0.3575233022636485 0.035957265312916036 0.03861517976031962
0 0.3746515063249001 0.2583222370173102 0.02319823568575238 0.037283621837549887
0 0.16818720872170437 0.10252996005326231 0.02551805925432758 0.02663115845539281
0 0.25576054843541945 0.12583222370173103 0.038277088881491325 0.041278295605858835
0 0.06785483938082557 0.08788282290279627 0.031317618175765644 0.037283621837549935
0 0.01971850033288948 0.02463382157123835 0.032477529960053264 0.03062583222370173
0 0.012179073735019972 0.9687083888149135 0.024358147470039945 0.035952063914780154
0 0.11947091378162451 0.35885486018641816 0.03479735352862852 0.0359520639147803
0 0.08583347203728361 0.43142476697736354 0.03015770639147803 0.023968042609853555
0 0.17630659121171768 0.4547270306258322 0.02551805925432756 0.03062583222370165
0 0.3044768433754993 0.5306258322237017 0.026677971038615203 0.0412782956058588
0 0.46802440496005326 0.533288948069241 0.03363744174434089 0.03861517976031962
0 0.7272646887483356 0.5426098535286284 0.025518059254327596 0.03861517976031962
0 0.983025237183755 0.4713715046604527 0.022038323901464592 0.04260985352862853
0 0.9691062957723036 0.38881491344873503 0.024358147470040024 0.03195739014647131
0 0.7661217335219707 0.24500665778961384 0.022038323901464735 0.031957390146471386
0 0.8142580725699068 0.7696404793608522 0.018558588548601877 0.034620505992010636
0 0.716825482689747 0.8382157123834887 0.02783788282290274 0.03861517976031962
0 0.8919721621171771 0.72237017310253 0.02783788282290274 0.04660452729693745
