0 0.3750569995440037 0.6573187414500684 0.07751937984496131 0.08344733242134061
0 0.42578659370725036 0.738030095759234 0.05813953488372093 0.05608755129958965
0 0.34712722298221615 0.7517099863201093 0.04673962608299135 0.042407660738713986
0 0.31064751481988145 0.8276333789329685 0.04901960784313726 0.05198358413132695
0 0.055289557683538534 0.5950752393980848 0.04901960784313726 0.04377564979480162
0 0.13565891472868216 0.4493844049247606 0.041039671682626545 0.050615595075239384
0 0.09746922024623803 0.4110807113543092 0.030779753761969904 0.039671682626538994
0 0.0507295941632467 0.4596443228454173 0.03533971728226175 0.04924760601915189
0 0.2063383492932057 0.5410396716826265 0.04103967168262656 0.06155950752393977
0 0.19892840857273142 0.6737346101231191 0.04673962608299135 0.04787961696306425
0 0.12539899680802555 0.6839945280437757 0.036479708162334694 0.03283173734610116
0 0.5734154126766985 0.9097127222982215 0.043319653442772436 0.04103967168262656
0 0.48107615139078885 0.48290013679890564 0.05243958048335614 0.06839945280437754
0 0.43946648426812585 0.3809849521203831 0.037619699042407646 0.053351573187414514
0 0.32603739170086643 0.34952120383036933 0.031919744642042856 0.04787961696306425
0 0.2906976744186047 0.23529411764705885 0.03875968992248062 0.04377564979480166
0 0.38018695850433204 0.22571819425444595 0.023939808481532127 0.041039671682626525
0 0.5403556771545829 0.2859097127222982 0.0341997264021888 0.04924760601915185
0 0.521545827633379 0.33105335157318744 0.03305973552211583 0.04651162790697679
0 0.5962152302781578 0.3652530779753762 0.03875968992248069 0.04924760601915189
0 0.66062471500228 0.1853625170998632 0.05357957136342911 0.06703146374828998
0 0.210328317373461 0.12243502051983585 0.035339717282261734 0.03146374829001371
0 0.1379388964888281 0.20656634746922026 0.029639762881896948 0.03830369357045143
0 0.12425900592795258 0.3426812585499316 0.025079799361605096 0.031463748290013666
0 0.35225718194254446 0.4890560875512996 0.03419972640218873 0.039671682626538994
0 0.5540355677154583 0.5321477428180574 0.03875968992248062 0.0383036935704515
0 0.635544915640675 0.5054719562243503 0.028499772001823943 0.042407660738714055
0 0.6760145918832648 0.42612859097127226 0.022799817601459296 0.0341997264021888
0 0.7843137254901962 0.40629274965800277 0.052439580483355994 0.05198358413132688
0 0.9678522571819426 0.43228454172366626 0.038759689922480474 0.04651162790697676
0 0.9097127222982218 0.4692202462380301 0.04559963520291831 0.04924760601915189
0 0.9822161422708617 0.5246238030095759 0.0355677154582763 0.042407660738714055
0 0.9816461468308253 0.10601915184678523 0.036707706338349196 0.06976744186046513
0 0.7039443684450526 0.030095759233926128 0.051299589603283235 0.049247606019151846
0 0.7689238486092111 0.19630642954856362 0.030779753761969886 0.03419972640218877
0 0.6999544003647972 0.658686730506156 0.025079799361605096 0.028727770177838608
0 0.5209758321933424 0.6942544459644323 0.025079799361605096 0.023255813953488483
0 0.531235750113999 0.761969904240766 0.031919744642042856 0.02735978112175104
0 0.3915868673050616 0.9062927496580028 0.03989968080255359 0.036935704514363864
0 0.4280665754673963 0.8761969904240766 0.023939808481532054 0.03146374829001374
0 0.49760601915184677 0.8255813953488372 0.037619699042407646 0.04514363885088926
0 0.8264933880528956 0.9097127222982216 0.02735978112175104 0.030095759233926173
0 0.8595531235750115 0.9487004103967169 0.031919744642042926 0.036935704514364
0 0.9621523027815777 0.9391244870041041 0.031919744642042926 0.045143638850889116
0 0.9558823529411765 0.676470588235294 0.030779753761969886 0.039671682626538994
0 0.7575239398084815 0.5629274965800274 0.028499772001823943 0.03693570451436393
0 0.4212266301869586 0.021203830369357045 0.03989968080255359 0.04240766073871409
0 0.1852485180118559 0.032147742818057455 0.028499772001823978 0.03693570451436389
0 0.13337893296853626 0.05129958960328317 0.027359781121751022 0.03419972640218878
0 0.25649794801641584 0.05950752393980849 0.05243958048335614 0.050615595075239404
0 0.4371865025079799 0.2640218878248974 0.037619699042407646 0.0328317373461012
0 0.8584131326949384 0.2811217510259918 0.029639762881896986 0.03967168262653896
0 0.8732330141358869 0.1785225718194255 0.03191974464204279 0.05061559507523942
0 0.9479024167806659 0.31668946648426816 0.030779753761969886 0.05061559507523945
0 0.7558139534883722 0.7257181942544461 0.03191974464204279 0.036935704514364
0 0.5471956224350205 0.8269493844049248 0.03647970816233474 0.04240766073871413
0 0.07124943000455997 0.8768809849521204 0.04217966256269949 0.03283173734610116
0 0.09347925216598267 0.9678522571819426 0.025079799361605114 0.03419972640218887
0 0.23312813497492024 0.3426812585499316 0.028499772001824013 0.042407660738714055
0 0.23825809393524858 0.19493844049247605 0.041039671682626594 0.04514363885088919
0 0.4423164614683083 0.19562243502051985 0.029639762881896986 0.03556771545827633
0 0.39956680346557233 0.259233926128591 0.023939808481532127 0.02325581395348838
0 0.5084359325125399 0.6361149110807114 0.029639762881896986 0.030095759233926104
0 0.5181258549931601 0.7250341997264022 0.017099863201094294 0.02462380300957591
0 0.4662562699498405 0.7544459644322845 0.022799817601459226 0.025991792065663474
0 0.6361149110807114 0.7544459644322845 0.02735978112175097 0.03419972640218887
0 0.6019151846785227 0.884404924760602 0.029639762881896844 0.028727770177838608
0 0.705654354765162 0.8645690834473324 0.031919744642042926 0.030095759233926173
0 0.9901960784313727 0.8816689466484268 0.019607843137254832 0.036935704514363864
0 0.9924760601915185 0.686046511627907 0.015047879616962944 0.03419972640218873
