0 0.5110446985446986 0.9163201663201661 0.013253638253638228 0.013513513513513686
0 0.2982068607068607 0.9007276507276507 0.01169438669438673 0.013513513513513544
0 0.4330821205821206 0.9807692307692306 0.010135135135135158 0.013513513513513544
0 0.45491164241164234 0.9766112266112265 0.010135135135135158 0.013513513513513544
0 0.5449584199584199 0.6481288981288981 0.007796257796257748 0.013513513513513402
0 0.49740124740124736 0.62006237006237 0.017151767151767104 0.021829521829521782
0 0.3991683991683992 0.356029106029106 0.010914760914760891 0.015592515592515638
0 0.5472972972972973 0.41008316008316004 0.012474012474012497 0.017671517671517662
0 0.7328482328482329 0.35810810810810806 0.014033264033264032 0.015592515592515638
0 0.8946205821205822 0.384095634095634 0.011694386694386764 0.015592515592515567
0 0.8626559251559252 0.15800415800415799 0.011694386694386622 0.01871101871101871
0 0.1224012474012474 0.04625779625779625 0.01247401247401246 0.015592515592515595
0 0.019100831600831602 0.1029106029106029 0.014812889812889814 0.022869022869022863
0 0.029625779625779624 0.15228690228690225 0.01871101871101871 0.021829521829521834
0 0.26936070686070684 0.2271309771309771 0.008575883575883587 0.013513513513513509
0 0.20893970893970892 0.25675675675675674 0.010914760914760891 0.012474012474012497
0 0.09277546777546776 0.4303534303534303 0.010914760914760926 0.01871101871101871
0 0.28144490644490644 0.0873180873180873 0.007796257796257819 0.016632016632016633
0 0.21908854843425155 0.0057172557172557184 0.015565106873700607 0.011434511434511437
0 0.9935031185031185 0.4230769230769231 0.012993762993763057 0.02910602910602911
0 0.5547037422037422 0.7042619542619541 0.014812889812889836 0.015592515592515638
0 0.23076923076923075 0.16112266112266113 0.009355509355509354 0.01663201663201665
