0 0.3109130568146962 0.9864864864864864 0.02096043079649636 0.014553014553014663
0 0.7636720081328175 0.9797297297297297 0.07967692925428593 0.04054054054054063
0 0.8188541631164583 0.8050935550935552 0.019563068743396597 0.015592515592515638
0 0.9648784976653829 0.4896049896049896 0.02934460311509497 0.020790020790020805
0 0.9369312566033878 0.40436590436590436 0.020960430796496468 0.016632016632016616
0 0.7937016461606626 0.42567567567567566 0.019563068743396597 0.017671517671517662
0 0.8034831805323609 0.541060291060291 0.016768344637197147 0.02182952182952185
0 0.46951364984151867 0.45426195426195426 0.03353668927439422 0.01871101871101871
0 0.28785658293855015 0.4604989604989605 0.02235779284959616 0.014553014553014592
0 0.150216420708224 0.42411642411642414 0.020960430796496378 0.016632016632016616
0 0.06148393033638935 0.4636174636174637 0.013973620530997577 0.012474012474012497
0 0.08454040421253536 0.6476091476091476 0.012576258477897824 0.01455301455301452
0 0.0698681026549879 0.6886694386694387 0.01676834463719709 0.019750519750519686
0 0.19842541154016566 0.7156964656964658 0.022357792849596124 0.015592515592515638
0 0.15510718789407313 0.7479209979209979 0.01397362053099755 0.013513513513513544
0 0.07825227497358644 0.871101871101871 0.02235779284959613 0.014553014553014663
0 0.031440646194744556 0.7843035343035342 0.02096043079649637 0.017671517671517593
0 0.4813912272928667 0.14916839916839916 0.0377287754336934 0.02390852390852391
0 0.5191200027265601 0.3024948024948025 0.03213932722129442 0.022869022869022863
0 0.3192972291332947 0.1502079002079002 0.029344603115094934 0.01767151767151768
0 0.07056678368153778 0.11330561330561331 0.02096043079649636 0.01247401247401248
0 0.18934255819501722 0.15072765072765074 0.015370982584097312 0.014553014553014556
0 0.19702804948706587 0.12474012474012476 0.013973620530997585 0.010395010395010385
0 0.415715210797178 0.12110187110187111 0.020960430796496395 0.013513513513513509
0 0.6253195187621416 0.17255717255717257 0.018165706690296803 0.010395010395010403
0 0.5177226406734604 0.1782744282744283 0.020960430796496468 0.013513513513513509
0 0.4799938652397669 0.20322245322245322 0.020960430796496326 0.011434511434511449
0 0.7867284820089637 0.004158004158004158 0.014000912758597082 0.008316008316008316
0 0.40104290923963054 0.03898128898128898 0.011178896424798097 0.015592515592515595
0 0.3185985481067448 0.30509355509355507 0.013973620530997585 0.015592515592515567
0 0.07056678368153778 0.25623700623700624 0.02096043079649636 0.013513513513513473
0 0.6826113629392319 0.28430353430353433 0.01537098258409742 0.015592515592515567
0 0.5652329504788521 0.6018711018711018 0.018165706690296872 0.01455301455301452
0 0.3730956681776354 0.5925155925155925 0.025152516955795647 0.016632016632016616
0 0.3046249275757473 0.6257796257796258 0.01397362053099755 0.012474012474012497
0 0.12715994683207799 0.567047817047817 0.022357792849596124 0.021829521829521924
0 0.484884632425616 0.7458419958419958 0.016768344637197147 0.015592515592515638
0 0.785317473842064 0.8809771309771309 0.016768344637197004 0.015592515592515496
0 0.8097713097713098 0.8752598752598754 0.018165706690296872 0.012474012474012568
0 0.785317473842064 0.8986486486486487 0.016768344637197004 0.013513513513513402
0 0.721737500426025 0.9308731808731809 0.018165706690297014 0.011434511434511449
0 0.6595548890630858 0.9423076923076923 0.016768344637197147 0.011434511434511449
0 0.8579803006032515 0.5420997920997921 0.016768344637197004 0.011434511434511307
