0 0.22390965732087223 0.9322429906542056 0.029854620976116263 0.02647975077881592
0 0.026609553478712352 0.8224299065420562 0.0298546209761163 0.018691588785046776
0 0.2589563862928349 0.5225856697819314 0.016874350986500523 0.017133956386292937
0 0.4913032191069575 0.5467289719626167 0.02725856697819307 0.02180685358255445
0 0.6366822429906542 0.6370716510903427 0.019470404984423696 0.021806853582554596
0 0.6100726895119418 0.7390965732087227 0.01817237798546209 0.017133956386292795
0 0.5471183800623054 0.7749221183800623 0.014278296988577424 0.020249221183800615
0 0.6068276220145379 0.8099688473520249 0.011682242990654217 0.018691588785046776
0 0.6295430944963656 0.9065420560747662 0.010384215991692543 0.012461059190031137
0 0.5756749740394601 0.9042056074766356 0.014278296988577424 0.017133956386292795
0 0.3939511941848391 0.9119937694704049 0.011682242990654146 0.03271028037383175
0 0.2978971962616822 0.7429906542056074 0.016874350986500523 0.021806853582554454
0 0.23883696780893043 0.7601246105919003 0.020768431983385228 0.028037383177570093
0 0.11033229491173417 0.6744548286604362 0.015576323987538956 0.021806853582554454
0 0.04283489096573209 0.7593457943925234 0.01298026998961579 0.023364485981308435
0 0.05711318795430945 0.45638629283489096 0.020768431983385252 0.021806853582554523
0 0.132398753894081 0.396417445482866 0.020768431983385245 0.020249221183800615
0 0.3731827622014538 0.4236760124610592 0.02206645898234683 0.018691588785046703
0 0.462097611630322 0.3068535825545171 0.020768431983385297 0.015576323987538956
0 0.6775700934579438 0.16822429906542055 0.020768431983385228 0.01869158878504672
0 0.6827622014537903 0.11370716510903428 0.020768431983385228 0.01869158878504672
0 0.8151609553478713 0.11838006230529594 0.01298026998961575 0.01869158878504672
0 0.8852544132917964 0.08566978193146417 0.02596053997923164 0.028037383177570093
0 0.9676791277258567 0.5031152647975078 0.02725856697819296 0.024922118380062343
0 0.8515057113187955 0.48831775700934577 0.018172377985462163 0.020249221183800615
0 0.31542056074766356 0.08722741433021806 0.01817237798546209 0.01869158878504673
0 0.5328400830737279 0.09657320872274143 0.016874350986500607 0.024922118380062305
0 0.2102803738317757 0.18847352024922118 0.015576323987538956 0.021806853582554523
0 0.07074247144340604 0.007788161993769471 0.019470404984423668 0.015576323987538943
0 0.686656282450675 0.39797507788161995 0.01817237798546202 0.020249221183800615
0 0.7729750778816199 0.5186915887850467 0.016874350986500416 0.018691588785046703
0 0.9345794392523366 0.41043613707165105 0.0077881619937696205 0.010903426791277298
0 0.8878504672897196 0.6697819314641745 0.010384215991692543 0.018691588785046776
0 0.8248961578400831 0.6183800623052959 0.011682242990654288 0.021806853582554523
0 0.7904984423676013 0.6573208722741433 0.01298026998961575 0.018691588785046634
0 0.7178089304257529 0.9275700934579438 0.018172377985462163 0.017133956386292795
0 0.1336967808930426 0.5841121495327103 0.012980269989615784 0.015576323987538885
0 0.10773624091381101 0.514018691588785 0.015576323987538937 0.015576323987538956
0 0.019470404984423678 0.21806853582554517 0.0181723779854621 0.018691588785046703
0 0.5854101765316719 0.5521806853582555 0.012980269989615892 0.017133956386292795
0 0.7139148494288682 0.47118380062305293 0.015576323987538814 0.017133956386292865
0 0.6613447559709243 0.470404984423676 0.011682242990654146 0.018691588785046776
0 0.6314901349948079 0.4548286604361371 0.01687435098650049 0.009345794392523388
0 0.6295430944963656 0.49065420560747663 0.01817237798546209 0.015576323987538956
0 0.782710280373832 0.18847352024922118 0.01817237798546202 0.021806853582554523
