0 0.04299065420560748 0.07476635514018691 0.02866043613707165 0.04672897196261682
0 0.6641744548286604 0.09501557632398754 0.022429906542056132 0.03426791277258567
0 0.40560747663551405 0.11137071651090341 0.03613707165109034 0.035825545171339554
0 0.4330218068535825 0.34034267912772587 0.0236760124610592 0.026479750778816254
0 0.6442367601246106 0.4010903426791277 0.03738317757009348 0.03582554517133957
0 0.10467289719626169 0.411993769470405 0.02741433021806854 0.03271028037383175
0 0.2236760124610592 0.3971962616822429 0.031152647975077913 0.028037383177570093
0 0.052336448598130844 0.7819314641744549 0.02492211838006231 0.03738317757009341
0 0.05046728971962617 0.8862928348909657 0.02118380062305296 0.04049844236760137
0 0.3165109034267913 0.8161993769470405 0.039875389408099655 0.04049844236760123
0 0.329595015576324 0.67601246105919 0.023676012461059236 0.031152647975077913
0 0.5707165109034268 0.5623052959501557 0.042367601246105835 0.0467289719626168
0 0.6218068535825545 0.6549844236760126 0.03489096573208727 0.04517133956386303
0 0.5956386292834891 0.7211838006230529 0.027414330218068484 0.03426791277258559
0 0.6554517133956387 0.766355140186916 0.024922118380062273 0.03115264797507777
0 0.567601246105919 0.8107476635514018 0.02367601246105913 0.026479750778816254
0 0.46168224299065413 0.8481308411214954 0.03115264797507784 0.023364485981308435
0 0.6280373831775701 0.11604361370716511 0.03489096573208719 0.035825545171339554
0 0.9700934579439252 0.09501557632398754 0.018691588785046776 0.03426791277258567
0 0.935202492211838 0.09735202492211836 0.02118380062305306 0.017133956386292847
0 0.9470404984423676 0.7562305295950157 0.019937694704049987 0.035825545171339714
0 0.20373831775700935 0.012461059190031152 0.021183800623052987 0.024922118380062305
0 0.11713395638629283 0.14719626168224298 0.027414330218068543 0.020249221183800636
0 0.3314641744548287 0.5132398753894081 0.02242990654205606 0.03271028037383175
0 0.2766355140186916 0.5973520249221184 0.029906542056074806 0.03894080996884732
0 0.38753894080996887 0.5358255451713395 0.01744548286604356 0.031152647975077913
0 0.41370716510903427 0.5210280373831776 0.022429906542056132 0.03271028037383182
0 0.432398753894081 0.4735202492211838 0.022429906542056132 0.031152647975077913
0 0.40809968847352024 0.9423676012461059 0.0236760124610592 0.028037383177570093
0 0.2236760124610592 0.9828660436137071 0.03364485981308409 0.03426791277258573
0 0.6411214953271027 0.2406542056074766 0.018691588785046776 0.03271028037383175
0 0.7476635514018694 0.4057632398753894 0.019937694704049987 0.03582554517133957
0 0.8984423676012461 0.5233644859813085 0.02242990654205599 0.028037383177570093
0 0.3364485981308411 0.543613707165109 0.019937694704049918 0.024922118380062273
0 0.3750778816199377 0.6098130841121495 0.03489096573208719 0.035825545171339644
0 0.43987538940809967 0.6144859813084111 0.027414330218068484 0.029595015576324078
0 0.5202492211838006 0.7242990654205608 0.0236760124610592 0.021806853582554596
