0 0.16979229009917923 0.6101231190150479 0.056977278556771545 0.0355677154582763
0 0.5411921095207299 0.2741518085609772 0.021567803626656498 0.010068908193035887
0 0.7105393083670691 0.2847001885727291 0.016774958376288254 0.013904682742763868
0 0.7788373531848143 0.3151466490611947 0.020768996084928232 0.013425210924047875
0 0.3521824111641509 0.258969391222562 0.02018706307215112 0.009824571109541545
0 0.1612237064275857 0.2974489614015999 0.01800467787516185 0.008842113998587493
0 0.16667966942005905 0.3771917302407124 0.018004677875161867 0.009169599702238856
0 0.2888932404514607 0.41861867175261275 0.01254871488268858 0.0075321711839818305
0 0.34372566852581726 0.4371216140089161 0.016367888977419795 0.00982457110954158
0 0.43647703939786325 0.4464549565629805 0.01200311858344122 0.006222228369376311
0 0.5655105641698565 0.42205727164095236 0.015822292678172475 0.007859656887633334
0 0.6178878088976001 0.3929110440159789 0.019095870473656476 0.010479542516844376
0 0.675721016617817 0.3455893598383537 0.012548714882688614 0.008187142591284627
0 0.8549494009205645 0.3942209868305845 0.020732659371398513 0.013099428146055487
0 0.9217849475783624 0.38570635853564844 0.02564302606462448 0.013099428146055487
0 0.9206937549798678 0.3739168732041985 0.015822292678172544 0.010479542516844376
0 0.9125098104911578 0.2938466186614346 0.031098989057097837 0.018666685108129
0 0.9752533849046006 0.31480570369512334 0.016913485276667046 0.011461999627798534
0 0.8410366952897577 0.2689577051839293 0.014731100079677902 0.009497085405890181
0 0.7373733984327652 0.3071097896593158 0.010366329685699328 0.007204685480330503
0 0.5775136827532977 0.3071097896593158 0.01145752228419397 0.006549714073027672
0 0.6069758829126535 0.3778467016480152 0.014731100079677902 0.007204685480330539
0 0.6563523479945368 0.4389227853789987 0.016367888977419937 0.010152056813193084
0 0.7837490838687882 0.5054023832202301 0.021278255670645764 0.012771942442404054
0 0.8467654564318546 0.456934499079825 0.016367888977419795 0.009497085405890218
0 0.8093921099334125 0.42664207149207173 0.013639907481183258 0.007859656887633192
0 0.9310600846655669 0.4533321563396596 0.019095870473656476 0.010807028220495809
0 0.9201481586806204 0.4814959268536789 0.01473110007967776 0.008842113998587421
0 0.9815277423459449 0.46856024155944914 0.015276696378925293 0.011789485331449896
0 0.9744349904557297 0.5294725824386071 0.014185503780430651 0.007859656887633192
0 0.36554952049571043 0.47527369848430256 0.021823851969893157 0.010152056813192943
0 0.19777865847715673 0.4713438700404859 0.014731100079677902 0.009497085405890218
0 0.24770071985828734 0.4611918132272929 0.017459081575914547 0.007532171183981902
0 0.33308654069049437 0.5370047536225888 0.013639907481183187 0.005239771258422295
0 0.42501951711366925 0.6119989797587563 0.015276696378925153 0.00851462829493606
0 0.5229540528285649 0.5661509812475621 0.019095870473656476 0.010479542516844376
0 0.5780592790525452 0.587601294836728 0.02018706307215112 0.009497085405890076
0 0.7139127575651298 0.6002094944273064 0.02346064086763519 0.013754399553358212
0 0.6702650536253438 0.6059404942412057 0.01145752228419397 0.006877199776679035
0 0.40455965589189447 0.5885837519476822 0.013639907481183187 0.008187142591284556
0 0.5867888198405024 0.6698002064532258 0.018004677875161974 0.009497085405890147
0 0.4081060318370021 0.6752037205634739 0.014185503780430509 0.007859656887633263
0 0.48721749522786484 0.6940341485234285 0.017459081575914512 0.010152056813192872
0 0.2258768678883942 0.6869932058949237 0.016367888977419903 0.009169599702238856
0 0.3159002572642035 0.7100809480023466 0.015276696378925187 0.0075321711839818305
0 0.6110678551570085 0.7370985185535858 0.016367888977419795 0.009169599702238856
0 0.5524162529879206 0.7307125473323837 0.015822292678172617 0.008187142591284698
0 0.7932970191056163 0.614291379684316 0.014185503780430509 0.007859656887633406
0 0.7725643597342179 0.5848176663556912 0.012003118583441079 0.007204685480330469
0 0.758651654103411 0.6095428369813708 0.01145752228419397 0.006222228369376382
0 0.7747467449312072 0.7454494039966961 0.016367888977419937 0.009497085405890004
0 0.8819564177333072 0.7551102322544122 0.01473110007967776 0.006549714073027672
0 0.8579501805664248 0.7277651759995212 0.01145752228419397 0.006222228369376382
0 0.8336711452499188 0.7022212911147133 0.009820733386452077 0.006877199776678964
0 0.8273967878085745 0.817005030244524 0.021278255670645764 0.011789485331449896
0 0.7973889913499712 0.8571220289418187 0.014731100079677902 0.0075321711839818305
0 0.6901793185478712 0.8597419145710299 0.01200311858344122 0.0075321711839818305
0 0.7278254631959368 0.8944553991580767 0.016367888977419795 0.009497085405890289
0 0.59033519578561 0.8630167716075436 0.019641466772903796 0.010807028220495596
0 0.6110678551570085 0.8960928276763337 0.01745908157591444 0.009497085405890147
0 0.6418940460644826 0.9211454840056648 0.019095870473656545 0.010479542516844447
0 0.3448168611243119 0.9457069117795188 0.020732659371398513 0.008514628294935989
0 0.6732658332712039 0.9468531117422985 0.01200311858344122 0.006877199776679106
0 0.21169136410796363 0.7428295183674849 0.014185503780430543 0.008187142591284556
0 0.14103664335543453 0.7474143182186043 0.013639907481183221 0.007532171183981973
0 0.9741621923061059 0.8620343144965895 0.014731100079677902 0.00884211399858728
0 0.9850741182910525 0.8849583137521867 0.016913485276667188 0.00884211399858728
0 0.9760717793534716 0.9095197415260406 0.009820733386451792 0.0075321711839818305
0 0.47385038589630524 0.864981685829452 0.009275137087204613 0.004912285554770932
0 0.9880748979369127 0.5998820087236549 0.012003118583441363 0.007859656887633192
0 0.9152377919873945 0.5713907525059844 0.012548714882688472 0.00720468548033061
0 0.957794303328686 0.5435544676956165 0.010366329685699185 0.008514628294935989
0 0.9166017827355126 0.5081860117012669 0.009820733386451935 0.0065497140730277435
0 0.9411536162016425 0.4955778121106885 0.010911925984946719 0.007532171183981973
0 0.9051442604513188 0.47052515578135745 0.009820733386451935 0.007204685480330539
0 0.8609509602122852 0.46544912737476096 0.009820733386451935 0.00491228555477079
0 0.7084567945726568 0.4554608134133937 0.010366329685699185 0.005894742665724948
0 0.6710834480742146 0.43237307130597086 0.010911925984946719 0.006877199776679177
0 0.6858145481538925 0.4395777567863014 0.010911925984946436 0.008187142591284698
0 0.7024552352809361 0.4418701567118612 0.00818394448871004 0.006877199776679106
0 0.8183944488709934 0.3837414443137401 0.010911925984946436 0.0065497140730277435
0 0.9035074715535768 0.35246655961503265 0.013094311181936007 0.008187142591284627
0 0.8568589879679303 0.4091215863467225 0.010366329685699185 0.006222228369376453
0 0.7458301410710988 0.3416595313945369 0.014185503780430651 0.008187142591284627
0 0.6945440889418498 0.33707473154341755 0.01200311858344122 0.008187142591284556
0 0.6541699627975476 0.3265951890265732 0.012003118583441363 0.006222228369376382
0 0.5810600586984055 0.34493438843105084 0.012003118583441292 0.008187142591284698
0 0.37482465758291506 0.3973321010152726 0.013094311181935865 0.008187142591284698
0 0.5333203825142641 0.5309462681050383 0.015822292678172617 0.009497085405890218
0 0.6067030847630299 0.49017429800044066 0.01200311858344115 0.008514628294935989
0 0.50249419160679 0.4787122983726421 0.013094311181935936 0.007859656887633192
0 0.2839828737582348 0.5307825252532125 0.013639907481183187 0.007859656887633263
0 0.21060017150946897 0.5582913243599289 0.013094311181935901 0.007204685480330539
0 0.1996882455245224 0.5817065521710031 0.009820733386451935 0.0055672569620736564
0 0.6991816574854519 0.6391802931618215 0.015822292678172544 0.009169599702238785
0 0.7199143168568506 0.6994376626336765 0.013639907481183258 0.007204685480330539
0 0.8473110527311019 0.6524434641597024 0.009820733386451792 0.0062222283693762395
0 0.8058457339883048 0.5684433811731219 0.008729540787957433 0.004584799851119428
0 0.8353079341476607 0.5838352092447372 0.009820733386451935 0.0065497140730277435
0 0.9007794900573401 0.7072973195213096 0.012003118583441079 0.007204685480330681
0 0.8083009173349178 0.7076248052249611 0.0136399074811834 0.006549714073027815
0 0.9032346734039532 0.7472505753667789 0.01145752228419397 0.007204685480330681
0 0.6765394110666881 0.7975196308772666 0.010911925984946579 0.006877199776678964
0 0.36636791494458143 0.8191336873182581 0.01145752228419397 0.008187142591284698
0 0.4312938745550136 0.8043968306539457 0.012548714882688543 0.00884211399858728
0 0.2275136567861362 0.8643267144221494 0.013094311181935936 0.008187142591284698
