0 0.10868116637347408 0.5057172557172558 0.021456367610213755 0.017671517671517662
0 0.23322138706754092 0.3061330561330562 0.020523482061943595 0.023908523908523875
0 0.3656911349219042 0.11746361746361746 0.03544965083426618 0.03742203742203744
0 0.16885228423689963 0.16995841995841998 0.014926168772322583 0.015592515592515604
0 0.14926168772322618 0.21413721413721415 0.011194626579241973 0.012474012474012497
0 0.1870435524281678 0.2333679833679834 0.010261741030971798 0.013513513513513509
0 0.012593954901647211 0.3934511434511435 0.013993283224052458 0.015592515592515567
0 0.2285569593261901 0.4111226611226611 0.01679193986886297 0.015592515592515567
0 0.17678181139719606 0.42775467775467774 0.017724825417133126 0.009355509355509283
0 0.015859054320592786 0.4781704781704782 0.01492616877232262 0.016632016632016685
0 0.2136307905538675 0.6569646569646571 0.009328855482701641 0.012474012474012426
0 0.17398315475238554 0.7042619542619545 0.013993283224052426 0.015592515592515638
0 0.09048989818220587 0.7733887733887735 0.013060397675782287 0.012474012474012426
0 0.04664427741350819 0.7463617463617465 0.009328855482701633 0.010395010395010331
0 0.03964763580148196 0.7130977130977132 0.006530198837891148 0.010395010395010331
0 0.08209392824777441 0.6200623700623702 0.009328855482701633 0.011434511434511449
0 0.370355562663255 0.5025987525987525 0.014926168772322654 0.017671517671517662
0 0.3465669811823658 0.4766112266112267 0.01585905432059285 0.015592515592515638
0 0.495362226131457 0.43087318087318094 0.014926168772322583 0.017671517671517662
0 0.4906977983901061 0.45374220374220386 0.014926168772322583 0.013513513513513473
0 0.49629511167972706 0.3191268191268192 0.014926168772322725 0.020790020790020805
0 0.38155018924249695 0.3331600831600832 0.016791939868862897 0.015592515592515567
0 0.8125433125433125 0.11590436590436592 0.027986566448104922 0.03014553014553014
0 0.9170264939495709 0.15488565488565487 0.01865771096540314 0.01871101871101869
0 0.8946372407910872 0.22609147609147612 0.020523482061943668 0.019750519750519793
0 0.8232714963484196 0.2203742203742204 0.013993283224052532 0.012474012474012497
0 0.7920198304813689 0.28794178794178793 0.016791939868862897 0.01871101871101871
0 0.7514393091316168 0.40124740124740127 0.01772482541713302 0.01871101871101871
0 0.6511541126925744 0.34251559251559255 0.018657710965403425 0.017671517671517662
0 0.5550669012207474 0.29054054054054057 0.01679193986886297 0.015592515592515638
0 0.553201130124207 0.43970893970893976 0.01306039767578227 0.016632016632016616
0 0.5219494642571566 0.5218295218295218 0.010261741030971763 0.012474012474012426
0 0.6786742363665441 0.5472972972972974 0.01399328322405239 0.017671517671517662
0 0.7253185137800523 0.6876299376299377 0.023322138706754175 0.021829521829521782
0 0.43565755104216647 0.6346153846153847 0.01679193986886297 0.019750519750519686
0 0.3316408124100432 0.7765072765072766 0.019590596513673404 0.022869022869022898
0 0.45618103310411 0.928794178794179 0.01679193986886297 0.015592515592515638
0 0.47810384348845886 0.7390852390852392 0.013993283224052461 0.01871101871101871
0 0.44125486433178746 0.7234927234927235 0.009328855482701641 0.012474012474012426
0 0.9590063436217282 0.8633056133056134 0.018657710965403283 0.019750519750519686
0 0.8643184604723066 0.6283783783783785 0.021456367610213647 0.017671517671517735
0 0.9748653979423212 0.6101871101871104 0.018657710965403283 0.01871101871101864
0 0.7887547310624234 0.5680873180873182 0.01772482541713316 0.019750519750519686
0 0.8507916200223895 0.46985446985446994 0.014926168772322654 0.01871101871101871
0 0.9823284823284824 0.38929313929313936 0.014926168772322796 0.017671517671517735
0 0.9510768164614319 0.341995841995842 0.010261741030971763 0.01455301455301452
0 0.7696305773228852 0.24948024948024952 0.016791939868862897 0.014553014553014556
0 0.8797110720187643 0.32484407484407485 0.01306039767578227 0.015592515592515567
0 0.6828722213337599 0.38825363825363823 0.01306039767578227 0.013513513513513473
0 0.5881843381843381 0.4365904365904366 0.013993283224052461 0.014553014553014592
0 0.6908017484940562 0.44334719334719336 0.010261741030971905 0.01143451143451152
0 0.47017431632816253 0.5410602910602911 0.00932885548270157 0.011434511434511449
0 0.27846633615864386 0.579002079002079 0.01772482541713309 0.01871101871101878
0 0.3619595927288235 0.46205821205821207 0.013060397675782341 0.017671517671517662
0 0.8652513460205769 0.5561330561330562 0.012127512127512148 0.014553014553014663
0 0.7658990351298044 0.49896049896049904 0.01306039767578227 0.016632016632016616
0 0.7183218721680259 0.5176715176715178 0.011194626579241885 0.014553014553014592
0 0.7201876432645665 0.5405405405405407 0.016791939868862897 0.020790020790020805
0 0.6278319739858201 0.13461538461538464 0.014926168772322654 0.015592515592515586
0 0.701529932299163 0.17151767151767153 0.01306039767578227 0.014553014553014556
0 0.5448051601897757 0.20634095634095637 0.011194626579241956 0.013513513513513509
0 0.33117436963590813 0.8752598752598754 0.009328855482701641 0.010395010395010331
0 0.4365904365904366 0.8773388773388774 0.00932885548270157 0.012474012474012426
0 0.3969428007889546 0.8804573804573806 0.013993283224052461 0.012474012474012426
0 0.6073084919238766 0.7484407484407484 0.01306039767578241 0.016632016632016616
0 0.6973319473319474 0.810810810810811 0.015859054320592633 0.016632016632016616
0 0.7854896316434778 0.9906444906444908 0.01679193986886304 0.016632016632016758
