0 0.36979166666666674 0.1627725856697819 0.03179517133956388 0.04517133956386292
0 0.34145249221183804 0.26947040498442365 0.02488317757009348 0.031152647975077875
0 0.30136292834890965 0.24610591900311526 0.022118380062305328 0.031152647975077875
0 0.28062694704049845 0.22585669781931464 0.024883177570093444 0.028037383177570093
0 0.7499513239875389 0.13629283489096572 0.02903037383177576 0.02647975077881618
0 0.8688376168224301 0.16121495327102803 0.03179517133956395 0.04828660436137072
0 0.9427959501557632 0.1923676012461059 0.044236760124610586 0.04828660436137071
0 0.7603193146417446 0.2531152647975077 0.02211838006230522 0.02024922118380055
0 0.9552375389408101 0.9127725856697819 0.02488317757009341 0.028037383177570093
0 0.9635319314641745 0.9447040498442368 0.02488317757009341 0.026479750778816254
0 0.4389116043613707 0.8979750778816199 0.02903037383177569 0.04205607476635507
0 0.3476732866043614 0.5397196261682242 0.020735981308411196 0.03894080996884746
0 0.25643496884735206 0.6051401869158879 0.02350077881619942 0.023364485981308362
0 0.07395833333333333 0.7180685358255451 0.017971183800623045 0.028037383177570093
0 0.2101246105919003 0.6713395638629284 0.011059190031152646 0.015576323987538956
0 0.3469820872274144 0.6814641744548285 0.019353582554517103 0.026479750778816112
0 0.5273851246105918 0.7258566978193146 0.026265576323987502 0.024922118380062273
0 0.5377531152647975 0.40420560747663553 0.019353582554517103 0.023364485981308435
0 0.14653426791277258 0.46417445482866043 0.01658878504672897 0.024922118380062273
0 0.1057535046728972 0.470404984423676 0.015206386292834892 0.018691588785046776
0 0.0615167445482866 0.5038940809968847 0.017971183800623056 0.020249221183800542
0 0.021427180685358253 0.3115264797507788 0.015206386292834889 0.024922118380062343
0 0.04631035825545172 0.2250778816199377 0.02073598130841121 0.029595015576324
0 0.08432632398753896 0.04361370716510903 0.024883177570093454 0.02180685358255452
0 0.14169587227414332 0.039719626168224303 0.020735981308411235 0.02024922118380062
0 0.5183995327102804 0.5225856697819314 0.013823987538940798 0.020249221183800615
0 0.7554809190031152 0.7686915887850467 0.0317951713395638 0.035825545171339575
0 0.5826810747663551 0.8925233644859812 0.01797118380062301 0.024922118380062416
0 0.3310845015576324 0.9890965732087227 0.02350077881619942 0.021806853582554454
0 0.7568633177570095 0.3138629283489096 0.015206386292834821 0.029595015576324
0 0.7651577102803739 0.455607476635514 0.020735981308411196 0.017133956386292865
0 0.7098617601246108 0.36838006230529596 0.012441588785046776 0.026479750778816254
0 0.1499902647975078 0.5179127725856698 0.015206386292834875 0.023364485981308362
