0 0.18100978895556813 0.2996324416505321 0.014059012734413052 0.011603218012927066
0 0.5467420514757484 0.231892836014788 0.020405301591850177 0.009005856850413173
0 0.611258813861745 0.24918408116758115 0.01380358637095746 0.0075649197543470595
0 0.7183866472189581 0.236035530165978 0.012003118583441363 0.00936609112442966
0 0.7973071519050842 0.27638176885582877 0.011402962654268975 0.007925154028363579
0 0.8978332700414046 0.3284356214512167 0.013203430441785286 0.0075649197543470595
0 0.9869564255234557 0.3612169403867205 0.018604833804333795 0.010446793946479217
0 0.9647506561440895 0.2599911093880769 0.022205769379366275 0.014049136686644488
0 0.9872565034880418 0.26737591200541566 0.013203430441785428 0.011527496768528813
0 0.9680515137545359 0.23909752149511845 0.016804366016817625 0.009005856850413068
0 0.8564225109285323 0.23333377311085407 0.014403742300129635 0.009005856850413139
0 0.8507210296013977 0.21604252795806086 0.01740452194598987 0.009726325398446178
0 0.9173383377394966 0.17245418080206135 0.019805145662678002 0.011887731042545297
0 0.9863562695942837 0.16993254088394572 0.019805145662678002 0.013328668138611412
0 0.9915277059919186 0.22090569065728397 0.01694458801616264 0.016570776604760126
0 0.8396181449117145 0.1427348531956981 0.013203430441785286 0.008645622576396584
0 0.668573705097677 0.15336176427918552 0.013203430441785428 0.007564919754347006
0 0.6964809558041779 0.1956892914761272 0.01380358637095739 0.007204685480330433
0 0.7081839964230329 0.19208694873596194 0.012003118583441363 0.007204685480330503
0 0.7126851658918235 0.15336176427918555 0.01140296265426926 0.004683045562214811
0 0.8291154161512034 0.3219514045189192 0.010202650795925052 0.005403514110247833
0 0.7588971724380723 0.3295163242732662 0.011402962654269117 0.008285388302380028
0 0.7693999011985834 0.3576145976465551 0.00960249486675309 0.006844451206313948
0 0.7033827489896565 0.35815494905757994 0.007201871150064676 0.004322811288198238
0 0.6766758101414999 0.3624777603457783 0.005401403362548507 0.0036023427401652695
0 0.6616719119121981 0.37292455429225746 0.015003898229301598 0.007204685480330539
0 0.6280631798785627 0.3671608059079931 0.011402962654269117 0.007204685480330539
0 0.4399142960831214 0.363738580304836 0.018004677875161832 0.0075649197543470595
0 0.3747973777679527 0.37004268010012525 0.010202650795925052 0.0064842169322973575
0 0.3339867745842524 0.3430251095488859 0.009002338937580916 0.006484216932297429
0 0.32288388989456934 0.32825550431420836 0.009602494866752985 0.0064842169322973575
0 0.2355612022000343 0.2598109922510687 0.011402962654269154 0.007204685480330539
0 0.21365551078525408 0.2839466886101758 0.010802806725097121 0.007204685480330503
0 0.8246142466824131 0.290250788405465 0.009602494866752806 0.009726325398446143
0 0.871426409157834 0.25945075797705214 0.009602494866752949 0.007925154028363579
0 0.855222199070188 0.2679162634164405 0.008402183008409026 0.006123982658280873
0 0.9182385716332547 0.275841417444804 0.013203430441785286 0.009005856850413102
0 0.9578488629586107 0.2839466886101758 0.014403742300129495 0.007925154028363508
0 0.9875565814526277 0.2954741853787046 0.022205769379366275 0.015129839508694082
0 0.8807288260600009 0.10825039934196573 0.012603274512613467 0.008285388302380063
0 0.8351169754429242 0.10500829087581699 0.012603274512613324 0.00972632539844616
0 0.8480203279201234 0.1280632844128746 0.016804366016817625 0.013328668138611412
0 0.9884568153463859 0.04665033848513997 0.01560405415847356 0.011887731042545315
0 0.7459938199608729 0.020353236481933656 0.008402183008408741 0.009005856850413121
0 0.9056352971206414 0.05313455541743742 0.008402183008408884 0.00828538830238008
0 0.8678254735828016 0.06322111508990011 0.01200311858344122 0.00540351411024786
0 0.9050351411914693 0.03296143607251203 0.007201871150064818 0.006844451206313971
0 0.5878527326240346 0.11905742756246146 0.010202650795925052 0.005403514110247869
0 0.6178605290826377 0.1323860957010729 0.015003898229301598 0.007564919754347006
0 0.5755495360760073 0.13977089831841163 0.009602494866752877 0.005043279836231349
0 0.2925760154713802 0.03188073325046245 0.0066017152208926785 0.006123982658280922
