0 0.046079958463136034 0.30218068535825543 0.01947040498442367 0.031152647975077875
0 0.16939252336448596 0.18847352024922118 0.016874350986500523 0.021806853582554523
0 0.5847611630321911 0.6915887850467293 0.03245067497403954 0.024922118380062273
0 0.7307892004153687 0.8341121495327103 0.023364485981308435 0.023364485981308577
0 0.8573468328141226 0.2305295950155763 0.024662512980270036 0.01869158878504674
0 0.8197040498442368 0.34813084112149534 0.02206645898234683 0.023364485981308435
0 0.7814122533748702 0.2881619937694704 0.018172377985462163 0.024922118380062308
0 0.8917445482866044 0.4649532710280374 0.018172377985462163 0.020249221183800684
0 0.825545171339564 0.5607476635514018 0.015576323987538956 0.012461059190031137
0 0.9352284527518172 0.7320872274143301 0.016874350986500416 0.018691588785046776
0 0.9631360332294912 0.9563862928348911 0.015576323987538956 0.012461059190031137
0 0.4815680166147456 0.9314641744548285 0.01817237798546202 0.018691588785046776
0 0.2842679127725858 0.9898753894080996 0.01817237798546213 0.020249221183800622
0 0.09865005192107996 0.9454828660436136 0.010384215991692631 0.015576323987538956
0 0.4783229491173417 0.40186915887850466 0.014278296988577353 0.024922118380062273
0 0.42315680166147457 0.31775700934579443 0.010384215991692614 0.012461059190031171
0 0.39330218068535827 0.2834890965732087 0.01298026998961575 0.012461059190031137
0 0.29335410176531673 0.16043613707165108 0.015576323987538956 0.015576323987538937
0 0.6224039460020769 0.45716510903426794 0.01687435098650049 0.020249221183800684
0 0.47897196261682246 0.4462616822429906 0.01298026998961575 0.017133956386292795
0 0.5159657320872274 0.4610591900311526 0.014278296988577424 0.015576323987538885
0 0.42834890965732086 0.4587227414330218 0.010384215991692614 0.017133956386292865
0 0.37253374870197303 0.48831775700934577 0.01298026998961582 0.017133956386292795
0 0.50168743509865 0.7281931464174454 0.009086188992731082 0.020249221183800473
0 0.5419262720664589 0.7211838006230529 0.014278296988577424 0.021806853582554596
0 0.6671858774662514 0.5599688473520249 0.02076843198338537 0.020249221183800542
0 0.9848130841121495 0.915109034267913 0.01739356178608503 0.017133956386292937
0 0.9092679127725856 0.9797507788161994 0.014278296988577353 0.021806853582554596
0 0.1732866043613707 0.7866043613707165 0.016874350986500523 0.021806853582554454
0 0.1979491173416407 0.6970404984423676 0.01687435098650049 0.014018691588784975
0 0.16420041536863966 0.5926791277258566 0.014278296988577353 0.017133956386292795
0 0.028556593977154723 0.48676012461059187 0.015576323987538943 0.017133956386292865
0 0.4672897196261683 0.6580996884735203 0.020768431983385228 0.020249221183800615
0 0.6529075804776739 0.6440809968847351 0.018172377985462163 0.017133956386292865
0 0.28102284527518173 0.8457943925233644 0.009086188992731045 0.015576323987538956
0 0.9938992731048805 0.7982866043613707 0.012201453790238901 0.03271028037383189
0 0.01492731048805815 0.9338006230529595 0.011682242990654203 0.020249221183800615
0 0.6425233644859812 0.9408099688473521 0.012980269989615911 0.012461059190031137
