0 0.45547821960470825 0.14796169398873754 0.019839865427175595 0.0113672723581473
0 0.441951038631634 0.24850792448996892 0.015330805102817494 0.009472726965122717
0 0.11639688321297978 0.23294558733298157 0.018938053362303985 0.00920207762326207
0 0.17276013726745593 0.2255027304318137 0.01713442923256068 0.009472726965122753
0 0.14006944991585976 0.2777380534109191 0.009469026681152001 0.007848830913958835
0 0.20206902937578355 0.3087274030539635 0.014428993037945865 0.007036882888376894
0 0.05214277359087696 0.280579871500456 0.01307627494063846 0.00703688288837693
0 0.05484820978549182 0.30818610437024224 0.016683523200124943 0.006495584204655565
0 0.23769060593821245 0.26271701493765304 0.010821744778459425 0.0064955842046556
0 0.36416974803645685 0.20127961433528554 0.013978087005510034 0.005954285520934271
0 0.3790496471068386 0.1674484466027043 0.007665402551408818 0.004330389469770388
0 0.6200589214437786 0.15892299233409385 0.012625368908202716 0.007848830913958835
0 0.6277243239951873 0.16677182324805273 0.016232617167689086 0.007848830913958871
0 0.884064403434945 0.17056091403410178 0.020290771459611393 0.010014025648844047
0 0.7844141702666311 0.23727597680275195 0.010370838746023594 0.004871688153491682
0 0.6274988709789695 0.274354936637661 0.011272650810895115 0.005954285520934306
0 0.560313872146034 0.29208246852953357 0.01217446287576685 0.0078488309139588
0 0.4245911563828554 0.02806403554446967 0.01217446287576685 0.007036882888376894
0 0.4009185896799754 0.05729416446541985 0.013527180973074237 0.007036882888376894
0 0.40655491508542296 0.07556299504101371 0.006763590486537083 0.005683636179073641
0 0.22934884433815 0.09965078646661157 0.009469026681151967 0.006766233546516247
0 0.17907282172155725 0.11981416243522997 0.009919932713587798 0.004330389469770406
0 0.17974918077021093 0.07745754043403826 0.009469026681152038 0.006766233546516247
0 0.05253055277877177 0.11353739891054261 0.013076274940638477 0.007307532230237541
0 0.09085756553581553 0.08593116604075632 0.01127265081089524 0.0067662335465162645
0 0.048923304519285296 0.046010388116310474 0.01307627494063846 0.0064955842046556
0 0.01037083874602361 0.13112960613148483 0.014428993037945892 0.007848830913958852
0 0.036748841643518444 0.17186233208151264 0.014879899070381697 0.008119480255819482
0 0.867884532496308 0.06414389402097401 0.010821744778459248 0.009202077623262089
0 0.8834407906153436 0.08214207525470724 0.011272650810895186 0.005683636179073659
0 0.8419574356312493 0.009202077623262094 0.010370838746023736 0.006495584204655596
0 0.5427812831100898 0.1335654502082307 0.010821744778459248 0.006766233546516247
0 0.979483775524171 0.15224025479661554 0.011272650810895186 0.005683636179073624
0 0.9587420980321238 0.18174103305942638 0.014879899070381697 0.006224934862794953
0 0.8827644315666899 0.2936545359188051 0.013527180973074308 0.007036882888376823
0 0.8552591635881055 0.3641586894735044 0.020741677492047046 0.010014025648844153
0 0.8951643474586747 0.3583397286235004 0.017585335264996615 0.007578181572098259
0 0.9380004205400766 0.3653766115118773 0.02299620765422631 0.0129911684093112
0 0.7190855417924911 0.36442933881536504 0.011723556843331125 0.006224934862794882
0 0.7425326554791531 0.3310041450955748 0.018938053362304003 0.0032477921023278357
0 0.7529034942251769 0.35644518323047586 0.005410872389229695 0.005412986837212941
0 0.3276991056382088 0.32545583358743146 0.017134429232560713 0.010555324332565306
0 0.30289927385423926 0.3172010286606816 0.013527180973074237 0.005412986837212977
0 0.2246670772266264 0.35103219639326283 0.014879899070381697 0.008119480255819411
0 0.23233247977803512 0.28377583494089137 0.013076274940638441 0.006766233546516283
0 0.589450057467196 0.038702855886072925 0.007665402551408747 0.004871688153491696
0 0.47221448903388563 0.21719609684317148 0.006763590486537012 0.005142337495352329
0 0.3123683005353912 0.2201732396036386 0.010821744778459496 0.006224934862794918
0 0.21068899022111626 0.19270233140478268 0.006763590486537154 0.005954285520934271
0 0.9887273491891051 0.3281623270060379 0.009018120648716205 0.009472726965122788
