0 0.05192107995846314 0.048286604361370715 0.024922118380062305 0.021806853582554523
0 0.3842159916926272 0.030373831775700934 0.05399792315680166 0.04517133956386293
0 0.37590861889927313 0.12071651090342678 0.03738317757009348 0.029595015576323967
0 0.2689511941848391 0.3925233644859813 0.08099688473520253 0.0654205607476635
0 0.3364485981308411 0.3707165109034268 0.033229491173416434 0.018691588785046776
0 0.5711318795430945 0.383177570093458 0.045690550363447574 0.03738317757009348
0 0.6022845275181724 0.4719626168224299 0.041536863966770456 0.028037383177570093
0 0.6334371754932504 0.5919003115264797 0.04569055036344764 0.043613707165109046
0 0.6022845275181724 0.6728971962616822 0.08307372793354112 0.05295950155763236
0 0.5659397715472483 0.7258566978193147 0.026998961578400867 0.028037383177570093
0 0.5732087227414331 0.8177570093457943 0.06645898234683294 0.04672897196261687
0 0.47871235721703015 0.8193146417445482 0.06022845275181723 0.049844236760124686
0 0.27829698857736246 0.6947040498442368 0.05399792315680166 0.049844236760124686
0 0.2949117341640706 0.5062305295950155 0.041536863966770525 0.02803738317757002
0 0.2928348909657321 0.5763239875389408 0.03738317757009348 0.021806853582554523
0 0.9075804776739358 0.6425233644859812 0.03738317757009341 0.03894080996884746
0 0.7798546209761164 0.5825545171339563 0.031152647975077913 0.03115264797507784
0 0.4828660436137072 0.6510903426791276 0.031152647975077913 0.03115264797507784
0 0.056074766355140186 0.9563862928348911 0.029075804776739364 0.03426791277258573
0 0.15991692627206647 0.9688473520249219 0.03738317757009346 0.021806853582554596
0 0.7144340602284528 0.1339563862928349 0.03738317757009355 0.02492211838006229
0 0.948078920041537 0.11059190031152648 0.035306334371754816 0.03426791277258566
0 0.9574247144340603 0.08099688473520249 0.020768431983385228 0.037383177570093455
0 0.8577362409138112 0.4369158878504673 0.0332294911734165 0.02647975077881618
0 0.012461059190031154 0.17782969489647218 0.024922118380062308 0.03790238044715002
0 0.4257528556593978 0.5856697819314642 0.033229491173416434 0.028037383177570093
0 0.47040498442367606 0.4805295950155763 0.018691588785046776 0.023364485981308435
0 0.41225337487019736 0.4976635514018692 0.031152647975077913 0.029595015576324
0 0.44755970924195226 0.4057632398753894 0.026998961578400794 0.029595015576324
0 0.9750778816199377 0.883177570093458 0.022845275181723964 0.015576323987538956
0 0.7653167185877467 0.9641744548286604 0.02284527518172382 0.021806853582554596
0 0.6739356178608514 0.7694704049844237 0.018691588785046776 0.024922118380062273
0 0.6863966770508827 0.2858255451713395 0.018691588785046634 0.020249221183800615
0 0.9262720664589824 0.3255451713395639 0.0332294911734165 0.028037383177570128
0 0.8598130841121496 0.3691588785046729 0.020768431983385228 0.021806853582554523
