0 0.2881619937694704 0.7320872274143302 0.03634475597092418 0.03738317757009355
0 0.2693406022845275 0.6619937694704049 0.014278296988577388 0.018691588785046776
0 0.0661993769470405 0.9509345794392524 0.0181723779854621 0.017133956386292795
0 0.019470404984423678 0.9929906542056075 0.012980269989615784 0.014018691588784975
0 0.03309968847352025 0.8605919003115265 0.016874350986500516 0.023364485981308292
0 0.011033229491173415 0.9135514018691588 0.011682242990654205 0.014018691588784975
0 0.07398753894080996 0.6035825545171339 0.020768431983385252 0.023364485981308504
0 0.5529595015576324 0.33956386292834895 0.03634475597092426 0.024922118380062343
0 0.6834112149532711 0.29205607476635514 0.024662512980270036 0.026479750778816216
0 0.5711318795430944 0.4330218068535825 0.015576323987538956 0.024922118380062343
0 0.5536085150571133 0.4400311526479751 0.014278296988577424 0.023364485981308435
0 0.6568016614745587 0.5747663551401868 0.015576323987538956 0.021806853582554523
0 0.671079958463136 0.5809968847352025 0.01817237798546202 0.028037383177570093
0 0.6055295950155763 0.6129283489096573 0.01687435098650063 0.020249221183800542
0 0.5516614745586709 0.7289719626168224 0.01817237798546209 0.018691588785046634
0 0.5166147455867082 0.7741433021806854 0.020768431983385297 0.031152647975077913
0 0.6756230529595015 0.9501557632398755 0.016874350986500558 0.018691588785046776
0 0.9462616822429908 0.49065420560747663 0.015576323987538956 0.028037383177570093
0 0.8210020768431983 0.4672897196261683 0.016874350986500558 0.024922118380062343
0 0.434190031152648 0.3637071651090343 0.014278296988577353 0.023364485981308435
0 0.4264018691588785 0.4143302180685358 0.024662512980270036 0.024922118380062273
0 0.2881619937694704 0.3457943925233644 0.020768431983385228 0.03115264797507784
0 0.27453271028037385 0.38862928348909653 0.016874350986500523 0.020249221183800615
0 0.3329439252336449 0.40732087227414326 0.011682242990654217 0.017133956386292865
0 0.3615005192107996 0.323208722741433 0.01687435098650049 0.020249221183800615
0 0.3679906542056075 0.2554517133956386 0.02206645898234683 0.024922118380062273
0 0.35760643821391475 0.26869158878504673 0.016874350986500558 0.029595015576323998
0 0.5179127725856698 0.14875389408099687 0.023364485981308504 0.032710280373831786
0 0.4977933541017653 0.10669781931464174 0.01687435098650049 0.01713395638629283
0 0.46599169262720663 0.06230529595015576 0.028556593977154775 0.028037383177570093
0 0.2057372793354102 0.21339563862928349 0.02206645898234683 0.021806853582554523
0 0.181723779854621 0.5054517133956387 0.020768431983385263 0.02647975077881618
0 0.3011422637590862 0.14953271028037382 0.020768431983385263 0.01869158878504672
0 0.5458203530633436 0.20015576323987538 0.02206645898234683 0.017133956386292865
0 0.5944963655244029 0.1970404984423676 0.018172377985462163 0.023364485981308435
0 0.7255970924195223 0.1542056074766355 0.02076843198338537 0.02492211838006229
0 0.792445482866044 0.03426791277258565 0.019470404984423324 0.024922118380062273
0 0.7879023883696781 0.004672897196261683 0.007788161993769478 0.009345794392523366
0 0.9618380062305296 0.26479750778816197 0.018172377985462163 0.03738317757009344
0 0.769730010384216 0.616822429906542 0.015576323987538956 0.024922118380062273
0 0.9203011422637591 0.7577881619937695 0.01298026998961575 0.026479750778816254
