0 0.43002701518691594 0.2017133956386293 0.030848422897196245 0.04205607476635517
0 0.6576883761682243 0.3348909657320872 0.02714661214953267 0.04049844236760123
0 0.6829840829439252 0.3200934579439252 0.028380549065420552 0.04205607476635514
0 0.7107476635514018 0.17445482866043613 0.029614485981308433 0.04361370716510903
0 0.6965573890186917 0.07632398753894082 0.035784170560747695 0.04672897196261682
0 0.5404643691588785 0.02102803738317757 0.019742990654205598 0.038940809968847356
0 0.43681366822429907 0.0381619937694704 0.024678738317757052 0.026479750778816195
0 0.21964077102803742 0.08489096573208724 0.024678738317757017 0.0264797507788162
0 0.12401066004672896 0.0630841121495327 0.01850905373831775 0.032710280373831765
0 0.10735251168224298 0.32087227414330216 0.022210864485981308 0.031152647975077875
0 0.21408805490654206 0.455607476635514 0.025912675233644863 0.04205607476635514
0 0.24555344626168224 0.6440809968847351 0.02221086448598129 0.04205607476635514
0 0.16534754672897198 0.6775700934579438 0.019742990654205615 0.03738317757009341
0 0.017275116822429906 0.7390965732087227 0.024678738317757007 0.04828660436137071
0 0.03455023364485982 0.7764797507788163 0.029614485981308416 0.03271028037383175
0 0.08946042640186916 0.8200934579439252 0.018509053738317745 0.029595015576324078
0 0.3084842289719626 0.7383177570093458 0.029614485981308364 0.031152647975077913
0 0.3140369450934579 0.7757009345794391 0.033316296728971934 0.031152647975077916
0 0.39362587616822425 0.7024922118380061 0.032082359813084126 0.043613707165109046
0 0.47012996495327103 0.5934579439252337 0.027146612149532744 0.03738317757009341
0 0.4627263434579439 0.5646417445482865 0.032082359813084126 0.04828660436137071
0 0.42200642523364484 0.48676012461059187 0.029614485981308433 0.04517133956386296
0 0.4978935455607477 0.42133956386292837 0.028380549065420552 0.04828660436137078
0 0.585503066588785 0.3948598130841121 0.033316296728971934 0.04205607476635514
0 0.5256571261682244 0.49610591900311524 0.03948598130841134 0.051401869158878524
0 0.5756315712616822 0.49376947040498437 0.025912675233644863 0.03426791277258566
0 0.6422641647196262 0.5054517133956387 0.03825204439252339 0.04828660436137064
0 0.5318268107476637 0.6503115264797508 0.02714661214953267 0.04828660436137078
0 0.5213383469626168 0.6152647975077882 0.030848422897196387 0.043613707165109046
0 0.626839953271028 0.6908099688473521 0.02467873831775698 0.029595015576324074
0 0.6694107768691588 0.6417445482866043 0.02591267523364479 0.03738317757009348
0 0.6953234521028037 0.6199376947040498 0.02344480140186917 0.03738317757009348
0 0.8045268691588785 0.5981308411214953 0.01974299065420553 0.028037383177570093
0 0.8612879672897197 0.7920560747663552 0.029614485981308575 0.04205607476635507
0 0.8828818633177571 0.9369158878504673 0.02591267523364479 0.04828660436137085
0 0.8137813960280375 0.9119937694704049 0.01850905373831779 0.03894080996884739
0 0.7718275408878505 0.9135514018691588 0.02344480140186917 0.03894080996884753
0 0.6546035338785046 0.8465732087227414 0.033316296728971934 0.029595015576324074
0 0.6379453855140187 0.7943925233644858 0.02467873831775698 0.043613707165109046
0 0.4318779205607477 0.8224299065420562 0.02714661214953267 0.03115264797507777
0 0.3744998539719624 0.8411214953271027 0.02344480140186916 0.024922118380062128
0 0.7989741530373832 0.4462616822429906 0.02344480140186917 0.029595015576323932
0 0.8464807242990655 0.5085669781931464 0.024678738317757052 0.03271028037383175
0 0.8458637558411215 0.37305295950155765 0.013573306074766407 0.02647975077881618
0 0.7946553738317758 0.3862928348909657 0.03455023364485996 0.021806853582554454
0 0.760105140186916 0.3177570093457944 0.024678738317757052 0.03738317757009348
0 0.8100795852803739 0.2850467289719626 0.025912675233644933 0.034267912772585694
0 0.7662748247663552 0.24143302180685355 0.024678738317757052 0.03426791277258566
0 0.7452978971962616 0.2554517133956386 0.01974299065420553 0.028037383177570093
0 0.9612368574766356 0.39953271028037385 0.037018107476635434 0.03582554517133957
0 0.9649386682242991 0.4820872274143302 0.019742990654205813 0.045171339563862885
0 0.9785119742990653 0.6191588785046728 0.02467873831775691 0.04205607476635507
0 0.21347108644859814 0.2772585669781931 0.027146612149532744 0.031152647975077875
0 0.20113171728971962 0.30763239875389403 0.032082359813084126 0.023364485981308435
0 0.29244304906542057 0.3411214953271028 0.022210864485981325 0.028037383177570093
0 0.37573379088785047 0.366822429906542 0.028380549065420483 0.04205607476635514
0 0.5219553154205607 0.24454828660436134 0.02221086448598129 0.028037383177570093
0 0.48678811331775695 0.30763239875389403 0.01850905373831779 0.023364485981308435
0 0.5639091705607477 0.26168224299065423 0.032082359813084056 0.028037383177570055
0 0.6910046728971964 0.22663551401869156 0.024678738317757052 0.02024922118380065
0 0.7088967581775703 0.31931464174454827 0.01604117990654217 0.028037383177570055
0 0.7280227803738317 0.3060747663551402 0.01974299065420553 0.029595015576323967
0 0.7952723422897197 0.04672897196261682 0.02097692757009355 0.02492211838006231
0 0.8359922605140188 0.0895638629283489 0.023444801401869313 0.023364485981308407
0 0.9254526869158879 0.004672897196261682 0.02221086448598129 0.009345794392523364
0 0.19249415887850468 0.7819314641744548 0.019742990654205636 0.031152647975077913
0 0.20113171728971962 0.5856697819314641 0.012339369158878526 0.018691588785046703
0 0.32946115654205604 0.6744548286604362 0.012339369158878526 0.028037383177570093
0 0.437430636682243 0.6160436137071651 0.016041179906542028 0.029595015576324074
0 0.3479702102803738 0.4517133956386293 0.019742990654205598 0.024922118380062273
0 0.3128030081775702 0.26635514018691586 0.02344480140186917 0.028037383177570055
0 0.2936769859813084 0.9579439252336449 0.024678738317757017 0.024922118380062273
0 0.5657600759345794 0.5451713395638629 0.018509053738317648 0.024922118380062273
0 0.5268910630841122 0.5404984423676013 0.02221086448598136 0.021806853582554523
0 0.3609265478971963 0.5093457943925234 0.02097692757009348 0.024922118380062343
0 0.3893070969626169 0.5560747663551402 0.018509053738317717 0.031152647975077913
0 0.6620071553738319 0.3091900311526479 0.02344480140186917 0.0233644859813084
0 0.9254526869158878 0.46339563862928346 0.01974299065420567 0.02647975077881618
