0 0.06983644859813083 0.5373831775700935 0.019953271028037387 0.015576323987538956
0 0.16627725856697817 0.35046728971962615 0.02660436137071649 0.021806853582554454
0 0.404053738317757 0.2383177570093458 0.00997663551401871 0.009345794392523352
0 0.5553660436137071 0.46417445482866043 0.01995327102803749 0.024922118380062273
0 0.5246047507788162 0.5015576323987538 0.021616043613707205 0.018691588785046703
0 0.6160572429906541 0.4797507788161994 0.014964953271027995 0.012461059190031137
0 0.7291257788161993 0.8278816199376948 0.018290498442367634 0.029595015576324074
0 0.9402978971962617 0.3302180685358255 0.024941588785046775 0.024922118380062308
0 0.8430257009345793 0.9454828660436138 0.01330218068535828 0.00934579439252346
0 0.2194859813084112 0.809190031152648 0.01330218068535821 0.014018691588784975
0 0.24359618380062303 0.05919003115264797 0.011639408099688496 0.012461059190031145
0 0.10392328660436136 0.1939252336448598 0.011639408099688477 0.014018691588785047
0 0.6318535825545171 0.5202492211838006 0.01330218068535828 0.015576323987538956
0 0.6800739875389408 0.5077881619937695 0.01995327102803742 0.018691588785046703
0 0.36913551401869155 0.8052959501557632 0.016627725856697778 0.006230529595015497
0 0.3325545171339563 0.838785046728972 0.016627725856697778 0.014018691588785118
0 0.5237733644859813 0.3637071651090343 0.01330218068535828 0.020249221183800615
