0 0.11077230359520639 0.4054593874833556 0.05382157123834887 0.057256990679094455
0 0.29664447403462046 0.37483355525965384 0.05256990679094539 0.04926764314247677
0 0.3229294274300933 0.3015978695073236 0.05507323568575234 0.04127829560585891
0 0.3498402130492677 0.01131824234354195 0.04130492676431423 0.0226364846870839
0 0.7716511318242345 0.784953395472703 0.05382157123834887 0.057256990679094455
0 0.7028095872170439 0.6138482023968044 0.04631158455392821 0.04527296937416778
0 0.5763914780292942 0.6398135818908124 0.05382157123834887 0.03328894806924097
0 0.5012916111850866 0.9627163781624504 0.04130492676431423 0.04793608521970711
0 0.6070572569906791 0.8841544607190415 0.0425565912117176 0.03994673768308928
0 0.34107856191744346 0.9307589880159789 0.04130492676431423 0.02929427430093199
0 0.3323169107856192 0.5645805592543277 0.033794940079893435 0.05059920106524643
0 0.12328894806924103 0.5426098535286286 0.04631158455392811 0.04660452729693745
0 0.41555259653794946 0.5958721704394142 0.04005326231691079 0.0359520639147803
0 0.5031691078561917 0.42077230359520645 0.057576564580559195 0.04527296937416778
0 0.8429960053262318 0.4547270306258323 0.05632490013315589 0.06258322237017311
0 0.8792942743009323 0.3794940079893476 0.031291611185086624 0.023968042609853624
0 0.9606524633821572 0.4001331557922771 0.043808255659121186 0.03328894806924104
0 0.9105858854860187 0.6364846870838883 0.028788282290279597 0.029294274300932132
0 0.9149667110519308 0.7390146471371506 0.022529960053262243 0.034620505992010636
0 0.9794274300932091 0.818908122503329 0.033794940079893504 0.03195739014647131
0 0.9769241011984022 0.9527296937416778 0.043808255659121186 0.054593874833555135
0 0.7128229027962718 0.9786950732356858 0.031291611185086624 0.04260985352862832
0 0.9243541944074568 0.5000000000000001 0.04380825565912133 0.051930758988016024
0 0.968162450066578 0.20772303595206396 0.04130492676431416 0.05326231691078562
0 0.6533688415446073 0.027296937416777637 0.027536617842876154 0.0359520639147803
0 0.7090679094540613 0.1837549933422104 0.03880159786950742 0.03728362183754992
0 0.6496138482023969 0.10452729693741679 0.03504660452729695 0.03328894806924101
0 0.6001731025299601 0.1544607190412783 0.043808255659121116 0.03462050599201067
0 0.5163115845539281 0.22902796271637818 0.04631158455392807 0.034620505992010636
0 0.3335685752330227 0.21837549933422107 0.03379494007989347 0.02663115845539281
0 0.621451398135819 0.3215712383488682 0.031291611185086554 0.04127829560585887
0 0.6045539280958723 0.49600532623169113 0.03504660452729688 0.030625832223701792
0 0.5425965379494009 0.5099866844207724 0.031291611185086624 0.034620505992010775
0 0.34858854860186417 0.6358189081225034 0.026284953395472713 0.02796271637816247
0 0.06821571238348868 0.4813581890812251 0.026284953395472703 0.014647137150465995
0 0.029414114513981363 0.3415446071904128 0.028788282290279632 0.04394141145139813
0 0.255965379494008 0.22969374167776302 0.031291611185086554 0.03328894806924101
0 0.037549933422103866 0.2882822902796272 0.03504660452729694 0.03328894806924097
0 0.07009320905459387 0.6950732356857524 0.020026631158455394 0.03195739014647131
0 0.8066977363515315 0.5213049267643143 0.03880159786950728 0.03595206391478022
0 0.7697736351531294 0.5379494007989348 0.022529960053262243 0.029294274300932132
0 0.7447403462050599 0.5725699067909455 0.02503328894806927 0.034620505992010775
0 0.8511318242343543 0.6910785619174437 0.027536617842876154 0.029294274300932132
0 0.9818908122503329 0.5645805592543277 0.036218375499334175 0.037283621837549956
