0 0.38213914849428876 0.21495327102803738 0.06645898234683287 0.03426791277258566
0 0.5316718587746626 0.3878504672897196 0.04153686396677053 0.03426791277258573
0 0.7850467289719627 0.470404984423676 0.02907580477673946 0.031152647975077913
0 0.20560747663551404 0.9127725856697819 0.041536863966770525 0.03426791277258573
0 0.17757009345794394 0.8761682242990654 0.026998961578400794 0.04205607476635507
0 0.26272066458982346 0.8052959501557629 0.05192107995846321 0.03738317757009339
0 0.31671858774662515 0.866822429906542 0.018691588785046703 0.020249221183800757
0 0.1754932502596054 0.9750778816199377 0.026998961578400867 0.031152647975077913
0 0.11422637590861892 0.9844236760124611 0.020768431983385245 0.031152647975077913
0 0.03842159916926272 0.985981308411215 0.04361370716510903 0.028037383177570093
0 0.2544132917964694 0.6596573208722742 0.03115264797507784 0.020249221183800473
0 0.8857736240913812 0.8629283489096573 0.035306334371754955 0.018691588785046776
0 0.6002076843198338 0.8309968847352025 0.033229491173416434 0.03271028037383175
0 0.5181723779854621 0.22663551401869156 0.04361370716510898 0.032710280373831786
0 0.5420560747663552 0.2071651090342679 0.03738317757009348 0.021806853582554523
0 0.485981308411215 0.22274143302180682 0.024922118380062273 0.01557632398753892
0 0.9190031152647975 0.08566978193146417 0.03115264797507777 0.028037383177570093
0 0.8743509865005192 0.10124610591900311 0.033229491173416364 0.024922118380062308
0 0.9252336448598133 0.161214953271028 0.02699896157840067 0.02024922118380059
0 0.9626168224299068 0.19158878504672894 0.026998961578400867 0.021806853582554523
0 0.9942886812045691 0.17133956386292834 0.011422637590861769 0.024922118380062325
0 0.07580477673935619 0.08878504672897196 0.022845275181723787 0.021806853582554516
0 0.08722741433021808 0.11137071651090343 0.029075804776739354 0.014018691588785047
0 0.08099688473520249 0.7461059190031153 0.029075804776739343 0.021806853582554454
0 0.8556593977154725 0.20794392523364486 0.0332294911734165 0.014018691588785047
