0 0.9267695156458057 0.30892143808255657 0.07191453062583311 0.10386151797603169
0 0.5950347453395473 0.04727030625832224 0.046396471371504544 0.05193075898801597
0 0.5225402588215712 0.35352862849533956 0.04523655958721697 0.054593874833555274
0 0.5590774800266312 0.4061251664447403 0.041756824234354256 0.04793608521970704
0 0.7638019099533955 0.42143808255659126 0.04987620672436762 0.07856191744340883
0 0.6043140396138482 0.6278295605858856 0.07191453062583236 0.07856191744340883
0 0.8090384695406125 0.6045272969374167 0.049876206724367475 0.0719041278295606
0 0.7568424392476697 0.5399467376830892 0.04755638315579233 0.0412782956058588
0 0.8507952937749667 0.07057256990679095 0.04059691245006661 0.05059920106524633
0 0.17920637067243675 0.4826897470039947 0.04523655958721704 0.0492676431424767
0 0.1623876498002663 0.3388814913448735 0.027837882822902813 0.04926764314247663
0 0.1647074733688415 0.18774966711051932 0.041756824234354166 0.042609853528628464
0 0.3920501830892144 0.840878828229028 0.039437000665778967 0.054593874833555274
0 0.12875020805592544 0.7656458055925432 0.04175682423435419 0.047936085219706964
0 0.7208851739347537 0.17243675099866843 0.0313176181757656 0.04394141145139816
0 0.9134305301264979 0.1950732356857523 0.028997794607190458 0.038615179760319585
0 0.4367067867842876 0.1211717709720373 0.0266779710386151 0.026631158455392788
0 0.4726640520972037 0.05392809587217044 0.0313176181757656 0.033288948069241014
0 0.29983719623834887 0.21904127829560585 0.0220383239014647 0.02263648468708389
0 0.08409360436085221 0.1304926764314248 0.031317618175765644 0.03728362183754994
0 0.43612683089214377 0.5279627163781625 0.02319823568575231 0.041278295605858946
0 0.4030693450399467 0.35685752330226367 0.022038323901464665 0.02663115845539281
0 0.6072138190745672 0.5539280958721704 0.02435814747003995 0.02663115845539281
0 0.7933796604527297 0.4973368841544607 0.025518059254327596 0.03328894806924097
0 0.7939596163448734 0.7057256990679093 0.03131761817576575 0.02663115845539281
0 0.12005086967376831 0.689081225033289 0.03363744174434089 0.0359520639147803
0 0.18616584137816244 0.7476697736351531 0.02435814747003995 0.025299600532623288
0 0.08003391311584554 0.6917443408788282 0.03015770639147803 0.02796271637816247
0 0.09743258988015978 0.5292942743009321 0.03711717709720373 0.0359520639147803
0 0.6176530251331558 0.8282290279627164 0.0266779710386151 0.03195739014647131
0 0.6211327604860186 0.8708388814913449 0.035957265312916105 0.03195739014647131
0 0.435546875 0.7902796271637818 0.028997794607190385 0.0412782956058588
0 0.3555129618841545 0.8415446071904128 0.02435814747003995 0.03195739014647131
0 0.8502153378828229 0.8921438082556591 0.020878412117177163 0.03195739014647131
0 0.7359640271304926 0.8814913448735021 0.015078853195739015 0.029294274300932132
0 0.6373715254660453 0.3015978695073236 0.028997794607190458 0.03328894806924104
0 0.6217127163781624 0.12716378162450068 0.025518059254327596 0.030625832223701722
0 0.7127657914447403 0.047936085219707054 0.028997794607190316 0.03994673768308921
0 0.656510069906791 0.02330226364846871 0.032477529960053174 0.04660452729693742
0 0.5045616261651131 0.5252996005326231 0.02319823568575231 0.027962716378162326
0 0.777140895472703 0.31291611185086554 0.02783788282290274 0.03462050599201067
0 0.24358147470039945 0.6358189081225033 0.023198235685752345 0.025299600532623145
0 0.19196540029960055 0.689081225033289 0.026677971038615203 0.03062583222370165
0 0.2922977696404794 0.9780292942743009 0.027837882822902848 0.02796271637816247
0 0.048716294940079896 0.27629826897470044 0.030157706391478033 0.0359520639147803
0 0.12527047270306257 0.08388814913448735 0.03479735352862848 0.037283621837549935
0 0.9546073984687083 0.689081225033289 0.03015770639147803 0.0359520639147803
