0 0.3963524755992856 0.4182242990654206 0.04915999697355481 0.04828660436137071
0 0.4977449693572423 0.5186915887850467 0.05530499659524907 0.05295950155763236
0 0.5369193419455438 0.32866043613707163 0.04455124725728403 0.059190031152648
0 0.5184843430804608 0.42912772585669784 0.0506962468789785 0.04517133956386296
0 0.729718705076204 0.41666666666666674 0.03994249754101318 0.04517133956386296
0 0.23504623552980888 0.17834890965732086 0.03994249754101329 0.03894080996884737
0 0.2626987338274335 0.2102803738317757 0.039942497541013255 0.03738317757009348
0 0.05376874668982556 0.3753894080996885 0.03994249754101327 0.03426791277258566
0 0.20816186218489607 0.6565420560747665 0.04147874744643687 0.042056074766355284
0 0.3932799757884384 0.5942367601246106 0.043014997351860415 0.03271028037383175
0 0.5346149670874084 0.6082554517133957 0.04301499735186056 0.04517133956386303
0 0.7473855789885753 0.8278816199376948 0.050696246878978425 0.026479750778816112
0 0.5515137160470679 0.7990654205607476 0.027652498297624534 0.05295950155763236
0 0.673645583528243 0.2834890965732087 0.05684124650067268 0.043613707165109046
0 0.3510331033892896 0.7632398753894081 0.03840624763558971 0.024922118380062273
0 0.6075868375950289 0.9221183800623052 0.029188748203048148 0.03738317757009341
0 0.7097474563056975 0.7172897196261683 0.03686999773016609 0.03582554517133957
0 0.3963524755992856 0.3535825545171339 0.043014997351860484 0.0404984423676013
0 0.45396184705267006 0.3146417445482866 0.029188748203048148 0.04049844236760123
0 0.36025060282183125 0.3255451713395639 0.035333747824742544 0.040498442367601264
0 0.44320809771470493 0.36137071651090336 0.032261248013895384 0.021806853582554523
0 0.5184843430804609 0.3917445482866041 0.04762374706813137 0.03582554517133956
0 0.3925118508357266 0.23208722741433022 0.04147874744643687 0.0467289719626168
0 0.20124873761048995 0.4392523364485982 0.03379749791931893 0.03426791277258566
0 0.9010105695309341 0.8302180685358255 0.035333747824742544 0.04049844236760123
0 0.9217499432541524 0.866822429906542 0.04915999697355488 0.03582554517133943
0 0.577629964439269 0.5560747663551401 0.030724998108471693 0.031152647975077916
0 0.31185873080098825 0.08333333333333334 0.02765249829762457 0.04517133956386293
0 0.42246872399148655 0.12149532710280372 0.027652498297624603 0.031152647975077857
0 0.3448881037675954 0.45638629283489096 0.047623747068131196 0.03426791277258566
0 0.16821936464388285 0.6253894080996885 0.04147874744643689 0.03894080996884732
0 0.5015855941208013 0.632398753894081 0.02611624839220099 0.031152647975077913
0 0.6859355827716317 0.440809968847352 0.02918874820304822 0.028037383177570093
0 0.6052824627368935 0.37772585669781933 0.030724998108471766 0.03271028037383182
0 0.2542493593476038 0.9462616822429908 0.029188748203048186 0.029595015576323932
0 0.3963524755992856 0.7250778816199377 0.030724998108471693 0.04205607476635521
0 0.6275580863655355 0.6261682242990655 0.032261248013895315 0.0404984423676013
0 0.8633724468480561 0.6721183800623052 0.043014997351860415 0.026479750778816112
