0 0.22172822617419066 0.6080711354309165 0.0421796625626995 0.07250341997264023
0 0.5711354309165527 0.43296853625170995 0.07523939808481543 0.09439124487004101
0 0.5232558139534884 0.338577291381669 0.03875968992248076 0.05882352941176468
0 0.4970360237118103 0.4404924760601915 0.031919744642042926 0.04924760601915182
0 0.44174646602827183 0.7421340629274965 0.03305973552211583 0.045143638850889116
0 0.7854537163702691 0.8488372093023255 0.056999544003648026 0.06976744186046517
0 0.6714546283629731 0.8529411764705883 0.04559963520291831 0.04787961696306439
0 0.5392156862745098 0.909028727770178 0.03875968992248055 0.036935704514364
0 0.5660054719562244 0.956908344733242 0.03989968080255359 0.03419972640218887
0 0.6195850433196535 0.9740082079343365 0.037619699042407716 0.038303693570451575
0 0.4337665298677611 0.9377564979480164 0.030779753761969886 0.042407660738713986
0 0.20120839033287738 0.8433652530779754 0.03077975376196992 0.04514363885088926
0 0.19550843593251255 0.7072503419972641 0.04217966256269953 0.04651162790697669
0 0.734154126766986 0.41928864569083446 0.029639762881896986 0.04787961696306432
0 0.734154126766986 0.2872777017783858 0.03419972640218873 0.041039671682626525
0 0.7050843593251254 0.1265389876880985 0.07181942544459645 0.10807113543091652
0 0.5591655266757866 0.14500683994528044 0.051299589603283166 0.06292749658002737
0 0.3687870497036024 0.07660738714090287 0.06041951664386687 0.07113543091655267
0 0.154468764249886 0.22024623803009574 0.0649794801641587 0.06292749658002733
0 0.420656634746922 0.2653898768809849 0.056999544003647956 0.05745554035567718
0 0.3003875968992248 0.3372093023255814 0.04901960784313726 0.06429548563611491
0 0.3140674874601003 0.5328317373461012 0.0512995896032832 0.053351573187414514
0 0.26903784769721845 0.5827633378932968 0.04787961696306432 0.04377564979480162
0 0.25478796169630646 0.5143638850889193 0.037619699042407646 0.03283173734610131
0 0.25022799817601465 0.4753761969904241 0.023939808481532127 0.031463748290013666
0 0.6515047879616964 0.5041039671682627 0.03077975376197003 0.03693570451436393
0 0.6076151390788874 0.8091655266757866 0.05243958048335614 0.06429548563611491
0 0.634404924760602 0.716142270861833 0.03989968080255359 0.04787961696306439
0 0.939922480620155 0.8775649794801642 0.04217966256269946 0.05061559507523952
0 0.9000227998176016 0.5834473324213406 0.026219790241677855 0.042407660738713986
0 0.9501823985408118 0.6210670314637483 0.03989968080255352 0.06566347469220248
0 0.912562699498404 0.29890560875512995 0.035339717282261776 0.05882352941176471
0 0.841313269493844 0.04514363885088919 0.056999544003648026 0.06839945280437756
0 0.7905836753305974 0.3132694938440493 0.035339717282261776 0.04103967168262656
0 0.7848837209302326 0.35909712722298226 0.03305973552211583 0.03146374829001374
0 0.7694938440492477 0.39261285909712723 0.029639762881896844 0.0355677154582763
0 0.7523939808481532 0.6976744186046511 0.025079799361605096 0.030095759233926173
0 0.702234382124943 0.5417236662106703 0.0273597811217509 0.030095759233926104
0 0.4554263565891473 0.6367989056087552 0.03305973552211583 0.0424076607387142
0 0.36593707250342 0.5902872777017784 0.03419972640218887 0.042407660738714055
0 0.3499772001823986 0.8187414500683994 0.03647970816233467 0.04240766073871413
0 0.3026675786593707 0.7647058823529411 0.030779753761969886 0.04103967168262656
0 0.1100091199270406 0.7441860465116278 0.037619699042407646 0.043775649794801696
0 0.06611947104423166 0.3714090287277702 0.03875968992248063 0.056087551299589575
0 0.03818969448244414 0.19562243502051985 0.03305973552211582 0.05471956224350208
0 0.25250797993616053 0.23734610123119015 0.02621979024167807 0.03693570451436393
0 0.4178066575467396 0.320109439124487 0.0353397172822617 0.04924760601915185
0 0.4770861833105336 0.28796169630642954 0.035339717282261776 0.050615595075239384
0 0.6765845873233015 0.26265389876880985 0.03305973552211583 0.04377564979480162
0 0.7016643866849066 0.43912448700410395 0.026219790241677997 0.0383036935704515
0 0.6480848153214775 0.41450068399452805 0.028499772001824013 0.0355677154582763
0 0.6965344277245782 0.38235294117647056 0.029639762881896986 0.036935704514363864
0 0.7717738258093937 0.6012311901504789 0.03647970816233467 0.039671682626538994
0 0.744984040127679 0.7633378932968538 0.030779753761969744 0.0355677154582763
0 0.5243958048335614 0.786593707250342 0.025079799361605027 0.03830369357045143
0 0.4981760145918833 0.6388508891928865 0.02735978112175104 0.038303693570451575
0 0.09347925216598268 0.8467852257181943 0.031919744642042856 0.04377564979480155
