0 0.926812585499316 0.9582763337893297 0.04787961696306411 0.05882352941176478
0 0.48632010943912446 0.33105335157318744 0.03693570451436393 0.05198358413132695
0 0.3693570451436388 0.4056087551299589 0.06019151846785221 0.056087551299589575
0 0.5314637482900137 0.45827633378932975 0.06429548563611498 0.0656634746922024
0 0.5889192886456908 0.22503419972640215 0.05608755129958965 0.04787961696306429
0 0.5239398084815322 0.1874145006839945 0.03830369357045136 0.041039671682626525
0 0.2824897400820794 0.18125854993160054 0.03146374829001371 0.0341997264021888
0 0.1826265389876881 0.9575923392612858 0.03419972640218877 0.03283173734610131
0 0.029411764705882356 0.6340629274965801 0.036935704514363885 0.031463748290013666
0 0.11696306429548564 0.5253077975376197 0.039671682626538994 0.03830369357045143
0 0.1545827633378933 0.16484268125854992 0.03009575923392614 0.03967168262653898
