0 0.37590861889927313 0.16510903426791274 0.04569055036344767 0.028037383177570086
0 0.5898234683281413 0.11059190031152646 0.041536863966770456 0.040498442367601244
0 0.7892004153686397 0.27492211838006225 0.041536863966770456 0.029595015576324
0 0.8182762201453793 0.25778816199376947 0.03738317757009341 0.029595015576323967
0 0.9138110072689513 0.22274143302180685 0.024922118380062273 0.021806853582554523
0 0.7871235721703013 0.40809968847352024 0.0332294911734165 0.031152647975077913
0 0.6157840083073729 0.37227414330218067 0.043613707165109046 0.028037383177570093
0 0.6728971962616823 0.5584112149532711 0.02907580477673946 0.017133956386292795
0 0.6272066458982348 0.4330218068535825 0.016614745586708182 0.028037383177570093
0 0.6957424714434061 0.6433021806853583 0.0332294911734165 0.021806853582554454
0 0.6625129802699896 0.7437694704049843 0.024922118380062416 0.026479750778816112
0 0.624091381100727 0.7858255451713396 0.035306334371754886 0.03271028037383189
0 0.9849428868120458 0.956386292834891 0.030114226375908545 0.024922118380062273
0 0.8078920041536864 0.9875389408099688 0.020768431983385228 0.018691588785046634
0 0.14434060228452755 0.8317757009345794 0.05192107995846314 0.031152647975077913
0 0.2658359293873313 0.7227414330218067 0.03738317757009348 0.03115264797507777
0 0.3104880581516096 0.7383177570093458 0.02284527518172382 0.018691588785046776
0 0.3790238836967809 0.9439252336448598 0.035306334371754955 0.024922118380062273
0 0.024922118380062308 0.3842159877313632 0.049844236760124616 0.03634474804839613
0 0.024922118380062308 0.17705087869709527 0.049844236760124616 0.03011421845338056
0 0.01973001038421599 0.2679127725856698 0.035306334371754934 0.024922118380062308
0 0.08618899273104881 0.39096573208722746 0.03530633437175495 0.03115264797507784
0 0.4350986500519211 0.1261682242990654 0.018691588785046776 0.01557632398753892
0 0.33956386292834895 0.28348909657320864 0.02284527518172375 0.024922118380062308
0 0.11422637590861892 0.6394080996884736 0.020768431983385245 0.017133956386292795
0 0.19106957424714438 0.6098130841121495 0.024922118380062308 0.017133956386292865
0 0.142263759086189 0.588006230529595 0.02699896157840083 0.020249221183800542
0 0.057113187954309454 0.6573208722741433 0.02699896157840083 0.024922118380062273
0 0.09345794392523364 0.7468847352024922 0.029075804776739343 0.020249221183800615
0 0.08203530633437177 0.8099688473520249 0.022845275181723794 0.024922118380062273
0 0.16303219106957428 0.9579439252336448 0.01869158878504674 0.021806853582554454
0 0.6926272066458976 0.2554517133956386 0.02699896157840085 0.02180685358255438
0 0.8639667705088265 0.39797507788161995 0.024922118380062416 0.023364485981308435
