0 0.360202492211838 0.3341121495327103 0.019470404984423623 0.020249221183800615
0 0.4341900311526479 0.33333333333333326 0.0272585669781931 0.012461059190031208
0 0.4828660436137071 0.30685358255451706 0.02336448598130838 0.018691588785046793
0 0.36701713395638613 0.2858255451713395 0.025311526479750768 0.020249221183800566
0 0.29692367601246106 0.3317757009345794 0.025311526479750768 0.015576323987538956
0 0.5957943925233644 0.19548286604361373 0.023364485981308362 0.01713395638629283
0 0.7019080996884735 0.06853582554517133 0.013629283489096622 0.01869158878504672
0 0.757398753894081 0.7429906542056075 0.019470404984423623 0.015576323987538956
0 0.6405763239875389 0.3971962616822429 0.019470404984423623 0.012461059190031208
0 0.38648753894080995 0.4112149532710281 0.02141744548286603 0.012461059190031208
0 0.4059579439252336 0.337227414330218 0.017523364485981362 0.023364485981308435
0 0.36896417445482865 0.44937694704049846 0.02141744548286603 0.017133956386292865
0 0.38648753894080995 0.617601246105919 0.029205607476635507 0.017133956386292722
0 0.04380841121495327 0.5350467289719626 0.017523364485981307 0.020249221183800615
0 0.5091510903426791 0.6214953271028036 0.025311526479750837 0.009345794392523317
0 0.5373831775700935 0.2967289719626168 0.015576323987538953 0.017133956386292833
0 0.3066588785046729 0.4890965732087227 0.01362928348909655 0.012461059190031208
0 0.3533878504672897 0.3691588785046729 0.01362928348909655 0.015576323987538956
0 0.38648753894080995 0.3808411214953271 0.017523364485981362 0.014018691588785047
0 0.31639408099688476 0.338006230529595 0.01752336448598129 0.015576323987538956
0 0.24727414330218067 0.7398753894080997 0.011682242990654217 0.015576323987538956
0 0.7281931464174454 0.31775700934579443 0.015576323987538956 0.012461059190031171
0 0.5130451713395638 0.18457943925233644 0.01362928348909655 0.01713395638629283
0 0.227803738317757 0.42990654205607476 0.01557632398753892 0.018691588785046776
0 0.8897975077881619 0.23286604361370716 0.019470404984423623 0.014018691588785047
