0 0.6569646569646569 0.20114345114345117 0.045738045738045796 0.04677754677754677
0 0.7905405405405407 0.3986486486486487 0.04261954261954259 0.06548856548856541
0 0.5665280665280664 0.4630977130977131 0.012474012474012497 0.02182952182952185
0 0.3570686070686071 0.32224532224532226 0.02598752598752604 0.031185031185031173
0 0.3872141372141373 0.08627858627858628 0.013513513513513473 0.03742203742203743
0 0.2884615384615385 0.11382536382536383 0.013513513513513544 0.017671517671517662
0 0.26611226611226607 0.14137214137214138 0.010395010395010403 0.01247401247401248
0 0.365904365904366 0.19646569646569645 0.012474012474012497 0.01663201663201665
0 0.579002079002079 0.17619542619542622 0.012474012474012426 0.017671517671517662
0 0.4812889812889813 0.19646569646569645 0.010395010395010403 0.014553014553014556
0 0.9423076923076923 0.4698544698544698 0.013513513513513402 0.012474012474012497
0 0.7281704781704781 0.5488565488565489 0.011434511434511449 0.01455301455301445
0 0.04971438213772478 0.5300882480809527 0.014433200481716719 0.0154285936183868
0 0.07161303114446738 0.540539876015989 0.00995393136670117 0.010451627935036355
0 0.1965348697965672 0.5045812989537808 0.01045162793503625 0.008211993377528443
0 0.24194968165714134 0.5048301472379484 0.008709689945863559 0.009705083082533648
0 0.1894426936977926 0.5136642613258956 0.008709689945863559 0.00995393136670117
0 0.17737355191566742 0.589065291428657 0.007465448525025842 0.0074654485250259485
0 0.3012999974310971 0.6377151309834092 0.0064700553883557535 0.007216600240858284
0 0.2923414592010661 0.6589916592797329 0.004479269115015541 0.004976965683350585
0 0.38416647605888443 0.4633969079240547 0.006967751956690904 0.007465448525025806
0 0.2719358998993286 0.5835906291769715 0.0064700553883557535 0.005474662251685558
0 0.5148118252468374 0.6528948763176284 0.00995393136670117 0.007216600240858497
0 0.44314351940658897 0.6989318088886215 0.01542859361838687 0.01318895906087903
0 0.30764562867736905 0.7132405852282544 0.011198172787538816 0.011447021071706445
0 0.34273323674499084 0.6782774013027165 0.008709689945863559 0.009207386514198532
0 0.4223646876786002 0.7185908233378562 0.010700476219203735 0.008709689945863488
0 0.568936327053275 0.5650514320064904 0.013686655629214214 0.011695869355873825
0 0.649438746981471 0.5595767697548049 0.01443320048171671 0.01318895906087903
0 0.62131889087054 0.6073556403149706 0.011447021071706373 0.01119817278753878
0 0.6429686915931151 0.6076044885991381 0.008958538230031081 0.008211993377528443
0 0.5735400203103744 0.5243647375450994 0.007465448525025877 0.0074654485250259485
0 0.6062635696784046 0.5293417032284501 0.006221207104188409 0.006470055388355789
0 0.6603880714848421 0.5299638239388689 0.009953931366701313 0.008709689945863488
0 0.6215677391547076 0.5514892005193601 0.005972358820020673 0.006470055388355718
0 0.6418488743143612 0.5756274840836105 0.007714296809193471 0.007465448525025806
0 0.6430931157351989 0.461654969934882 0.008709689945863488 0.007963145093360992
0 0.650434140118141 0.49139233989290176 0.003483875978345452 0.005225813967518036
0 0.574784261731212 0.5050789955221159 0.008460841661696037 0.009705083082533577
0 0.38192684150137673 0.40815258883886313 0.006967751956690904 0.006967751956690833
0 0.47997306546338336 0.3627377769782889 0.00647005538835586 0.005723510535853151
0 0.3460926885812525 0.4056641059971879 0.013935503913381666 0.0074654485250259485
0 0.500254200623037 0.3918530262258899 0.008211993377528443 0.008211993377528514
0 0.5955630934592009 0.3435764590973892 0.011198172787538851 0.01219356592420894
0 0.754701571184336 0.32976537932609135 0.010451627935036213 0.007963145093360921
0 0.7385264327134464 0.37032764964539866 0.0074654485250259485 0.00995393136670117
0 0.6791761169394906 0.37878849130709463 0.004230420830847947 0.004479269115015541
0 0.5939455796121119 0.3725672842029064 0.005474662251685629 0.006470055388355789
0 0.47039240652293346 0.3654751081041318 0.006221207104188196 0.007216600240858355
0 0.483332517299645 0.3877470295371257 0.007216600240858355 0.004976965683350585
0 0.49191778310342477 0.3977009609038269 0.006967751956690762 0.0074654485250259485
0 0.5144385528205863 0.35066863519616376 0.005225813967518178 0.005474662251685629
0 0.711214593338504 0.6708726731260373 0.0102014856397912 0.008744130548392235
0 0.8026636253237737 0.6511983793921545 0.019674293733882707 0.022589003916680284
0 0.8516671902720554 0.6976515729304887 0.006193759138444506 0.00765111422984333
0 0.8799034451679058 0.6810741587658283 0.008015453002692964 0.008015453002693107
0 0.12298964457269541 0.3508010611775933 0.009837146866941354 0.010565824412640694
0 0.2038728521453244 0.3362275102636061 0.007651114229843259 0.011294501958340107
0 0.09584640599539425 0.3968899159430779 0.0109301631854904 0.008744130548392378
0 0.08509841219632869 0.413831668880588 0.005465081592745182 0.006922436684143917
0 0.0242538371304321 0.4305912524316733 0.009108469321242001 0.010565824412640765
0 0.03737003295302059 0.27793330660765725 0.01275185704973881 0.010565824412640801
0 0.15393313152898982 0.1260612154059893 0.004736404047045877 0.007286775456993606
0 0.09454591155449198 0.05647250979170042 0.006922436684143936 0.008015453002692964
0 0.14846804993624463 0.03843774053564125 0.006193759138444523 0.009108469321242008
0 0.19820029243022597 0.09254204830381874 0.0072867754569935885 0.010930163185490418
0 0.3818270339464647 0.12842941742951225 0.010930163185490472 0.01056582441264073
0 0.3515869157999413 0.0741429402749099 0.010201485639790987 0.011294501958340088
0 0.2854594285277243 0.04517800783336034 0.006922436684143882 0.008744130548392324
0 0.17506478035427128 0.08416225652827611 0.005465081592745165 0.005100742819895529
0 0.006740267297719082 0.12715423172453835 0.006922436684143923 0.009472808094091683
0 0.006193759138444562 0.058755319915336696 0.012387518276889125 0.007821898029616579
0 0.0061937591384445614 0.08926299934817163 0.00655809791129424 0.00655809791129423
0 0.1561191641660879 0.26159523890607034 0.007651114229843294 0.0072867754569935885
0 0.1747004415814216 0.21495987598131128 0.009837146866941317 0.008744130548392307
0 0.16887102121582673 0.18672362108546103 0.0054650815927452 0.006193759138444577
0 0.26141306951964544 0.20457622095509534 0.0054650815927452 0.006922436684143953
0 0.31114531201362683 0.21277384334421318 0.003643387728496812 0.005100742819895529
0 0.37417591971662145 0.23153729014597169 0.0058294203655948704 0.0054650815927452
0 0.4423072702395116 0.28728112239197273 0.008015453002692964 0.009108469321242048
0 0.3127848364914504 0.2781726530707307 0.005465081592745165 0.011294501958340107
0 0.3933037052912297 0.2849129203684498 0.009837146866941354 0.007286775456993624
0 0.4709078639082115 0.2683355062037894 0.0018216938642484594 0.003279048955647106
0 0.46544278231546626 0.27926566938927977 0.004736404047045752 0.005465081592745165
0 0.5386748756582521 0.276715297979332 0.004007726501346411 0.005465081592745236
0 0.5563453061414615 0.27598662043363265 0.006558097911294283 0.006922436684143953
0 0.5153571941958726 0.26596730418026643 0.004007726501346411 0.005100742819895529
0 0.5066130636474802 0.08889866057532196 0.006922436684143846 0.008015453002692964
0 0.5805738345359653 0.08361574836900157 0.00910846932124187 0.009108469321242003
0 0.6137286628652862 0.08106537695905383 0.008379791775542742 0.00910846932124202
0 0.8637372989542195 0.17215007017147385 0.008744130548392235 0.007651114229843259
0 0.8681093642284157 0.18745229863116045 0.0051007428198956 0.0061937591384445415
0 0.9169307597902729 0.15174709889189175 0.013116195822588423 0.00983714686694137
0 0.9285896005214628 0.15866953557603566 0.004372065274196047 0.0054650815927452
0 0.9848799409267383 0.09800712989656393 0.009108469321242154 0.00655809791129423
0 0.9739497777412478 0.07778632800340671 0.0076511142298431875 0.009108469321242003
0 0.9478995554824956 0.09454591155449199 0.0065580979112941406 0.009837146866941388
0 0.7220095163156938 0.08470876468755062 0.0051007428198956 0.004007726501346465
0 0.8611869275442718 0.3116918201729013 0.007286775456993553 0.0069224366841439886
0 0.8407839562646896 0.3206181201077185 0.0058294203655948704 0.005100742819895494
0 0.4735304732322122 0.2914710182797441 0.004372065274196189 0.005100742819895529
0 0.45039496115625755 0.3056802304208816 0.0047364040470458234 0.0058294203655948704
0 0.24782260345183538 0.3151530385149733 0.01056582441264073 0.01457355091398714
0 0.30010521735576445 0.31588171606067267 0.006558097911294247 0.007286775456993624
0 0.3611319618080859 0.14537117036702235 0.009837146866941354 0.010201485639791024
0 0.5848359683377895 0.12423952154174092 0.006922436684143846 0.0072867754569935885
0 0.5647973358310572 0.14027042754712685 0.00765111422984333 0.007286775456993624
0 0.5343750482981089 0.10292570333003465 0.005829420365595013 0.007651114229843277
0 0.4740769813914868 0.08944516873459647 0.004736404047045895 0.006922436684143917
0 0.5462160584157233 0.03825557114921641 0.004736404047045752 0.012387518276889118
0 0.5462160584157235 0.05392213838175266 0.00765111422984333 0.008744130548392315
0 0.8945239252600176 0.05191827513107942 0.0054650815927450936 0.006922436684143927
0 0.03959549473531645 0.7731861058857256 0.017163066159034502 0.016560853311349034
0 0.04215489933797949 0.6974578402892838 0.011442044106023003 0.01023761841065209
0 0.0971068216892742 0.6724660071103388 0.007527660596067775 0.006022128476854221
0 0.4144729924194913 0.7927580234355017 0.026196258874315818 0.022582981788203255
0 0.2678341640080912 0.8291919007204698 0.017765279006719936 0.011743150529865716
0 0.25067109784905667 0.7936613427070298 0.010538724834494922 0.013549789072922067
0 0.538077179406924 0.7471404002233311 0.011442044106022991 0.01686195973519176
0 0.5722527585130716 0.8453010943960547 0.019571917549776288 0.018668598278248252
0 0.7115144795403253 0.8371712209523013 0.01385089549676465 0.013248682649079342
0 0.24329399046491018 0.9190721682375187 0.015055321192135516 0.01565753403982086
0 0.43419546318118873 0.943762894992621 0.008430979867595952 0.010237618410652231
0 0.47770534142646054 0.9479783849264188 0.008129873443753155 0.007828767019910714
0 0.4993850039431356 0.8754117367803257 0.010538724834495028 0.011442044106022991
0 0.3447668552999037 0.8638191394623814 0.006624341324539529 0.007527660596067704
0 0.4079992043068729 0.8826382909525508 0.009033192715281402 0.009033192715281474
0 0.4238072915586153 0.8973925057208436 0.005118809205326116 0.006022128476854221
0 0.5361199876519465 0.9363857876084745 0.006323234900696874 0.006925447748382539
0 0.7268709071563038 0.9082323369791812 0.00843097986759588 0.011442044106022849
0 0.8045819309260807 0.8680346293961793 0.00782876701991043 0.011743150529865716
0 0.8184328264228455 0.8847460359194497 0.004215489933797869 0.004215489933797869
0 0.9790731035429316 0.8462044136675828 0.009334299139123915 0.010839831258337398
0 0.9893107219535838 0.8594530963166619 0.006323234900696803 0.00782876701991043
0 0.9878051898343702 0.7799610004221864 0.008732086291438748 0.010839831258337682
0 0.09861235380848775 0.9513713125494021 0.01656085331134909 0.015356427615978276
