0 0.2641199270405837 0.9131326949384405 0.08447332421340632 0.09165526675786595
0 0.38350889192886456 0.7236662106703146 0.05969448244414046 0.08207934336525312
0 0.45559279525763796 0.7749658002735978 0.046178750569995444 0.06429548563611505
0 0.5716028271773825 0.823529411764706 0.043926128590971204 0.05471956224350208
0 0.2883356133150935 0.7927496580027359 0.02703146374829 0.039671682626538994
0 0.10587323301413588 0.5807113543091655 0.04279981760145919 0.05882352941176471
0 0.14979936160510718 0.7920656634746922 0.05631554947560419 0.06839945280437774
0 0.09686274509803923 0.8426812585499316 0.03378932968536253 0.04377564979480155
0 0.047305061559507526 0.13679890560875513 0.04730506155950752 0.06292749658002736
0 0.18584131326949385 0.2954856361149111 0.0450524395804834 0.06292749658002741
0 0.4004035567715458 0.37277701778385774 0.03942088463292301 0.050615595075239384
0 0.48544003647970824 0.2612859097127223 0.038294573643410885 0.05198358413132698
0 0.6419972640218878 0.4227086183310533 0.031536707706338235 0.04377564979480162
0 0.6543866849065207 0.5348837209302326 0.04054719562243499 0.05198358413132688
0 0.4319402644778842 0.4774281805745554 0.046178750569995444 0.05198358413132688
0 0.12896260829913364 0.45759233926128595 0.03716826265389878 0.04240766073871413
0 0.7090127678978568 0.3071135430916553 0.04167350661194717 0.05335157318741455
0 0.3322617419060647 0.13064295485636115 0.036041951664386646 0.04240766073871411
0 0.3243775649794802 0.017099863201094394 0.04279981760145919 0.03419972640218879
0 0.9882558139534885 0.18194254445964433 0.023488372093023173 0.03556771545827633
0 0.8407911536707706 0.4103967168262654 0.0326630186958505 0.03830369357045143
0 0.9292065663474693 0.8399452804377566 0.042799817601459296 0.03830369357045143
0 0.9100592795257637 0.9398084815321477 0.038294573643410816 0.04103967168262656
0 0.3823825809393525 0.9781121751025992 0.03942088463292293 0.043775649794801696
0 0.34352485180118564 0.8043775649794802 0.031536707706338374 0.05198358413132695
0 0.19541495668034656 0.46238030095759236 0.0349156406748746 0.043775649794801696
0 0.30128818969448246 0.32352941176470584 0.03266301869585043 0.05061559507523935
0 0.09179434564523482 0.7031463748290014 0.023652530779753763 0.03283173734610131
0 0.17457820337437302 0.7031463748290014 0.031536707706338325 0.041039671682626705
0 0.31086183310533516 0.8385772913816689 0.02703146374829 0.03283173734610116
0 0.41448244414044694 0.8399452804377564 0.022526219790241626 0.03283173734610131
0 0.36267213862289105 0.4466484268125855 0.029284085727314134 0.0341997264021888
0 0.3249407204742362 0.24418604651162792 0.021399908800729575 0.0341997264021888
0 0.7208390332877337 0.6956224350205198 0.040547195622435056 0.039671682626538994
0 0.7867282261741906 0.7701778385772914 0.03942088463292308 0.043775649794801696
0 0.8987961696306429 0.5437756497948016 0.033789329685362475 0.04514363885088926
0 0.6245394436844506 0.2578659370725034 0.025905152758777916 0.028727770177838573
0 0.9020482866043613 0.21806853582554517 0.19590342679127729 0.3364485981308411
