0 0.6754368143031289 0.44548286604361365 0.07197277529459577 0.024922118380062343
0 0.599311763510768 0.4898753894080997 0.13564099959366105 0.057632398753894094
0 0.7474095895977245 0.5093457943925234 0.13840918325883778 0.0654205607476635
0 0.285122917513206 0.1526479750778816 0.07750914262494919 0.03738317757009346
0 0.37093661113368553 0.3068535825545171 0.09965461194636326 0.05295950155763236
0 0.22145469321414063 0.6355140186915889 0.0996546119463633 0.049844236760124616
0 0.07612505079236083 0.6705607476635513 0.06366822429906542 0.03894080996884753
0 0.0788932344575376 0.5841121495327103 0.04705912230800488 0.03738317757009348
0 0.6948140999593662 0.0763239875389408 0.21591832588378707 0.09657320872274143
0 0.9633279154815116 0.29984423676012456 0.06643640796424222 0.03582554517133957
0 0.8318391913856157 0.353582554517134 0.0525954896383584 0.028037383177570093
0 0.14671373425436815 0.9774143302180686 0.049827305973181614 0.029595015576323932
0 0.23806379520520113 0.9221183800623052 0.044290938642828126 0.03115264797507777
0 0.5910072125152377 0.30763239875389403 0.06366822429906549 0.029595015576324
0 0.013840918325883786 0.3172377945849457 0.027681836651767572 0.03322948325088838
0 0.39861844778545313 0.48831775700934577 0.05536367330353514 0.023364485981308435
0 0.3197252133279154 0.5786604361370716 0.06920459162941892 0.04205607476635521
0 0.3211093051605039 0.6651090342679127 0.04982730597318163 0.03426791277258559
0 0.1993092238927265 0.6830218068535825 0.06643640796424219 0.03582554517133957
0 0.022145469321414053 0.7191069534634503 0.044290938642828105 0.030114218453380488
0 0.13425690776107277 0.7390965732087227 0.047059122308004894 0.026479750778816254
0 0.5868549370174726 0.7570093457943925 0.04429093864282805 0.024922118380062273
0 0.8359914668833808 0.8769470404984423 0.03875457131247458 0.015576323987538956
0 0.891355140186916 0.969626168224299 0.03875457131247458 0.020249221183800615
0 0.8415278342137342 0.5194704049844237 0.03321820398212111 0.023364485981308504
0 0.81107781389679 0.46651090342679125 0.03875457131247458 0.03582554517133957
0 0.9508710889882162 0.5007788161993769 0.04705912230800479 0.029595015576323998
0 0.4872003250711094 0.396417445482866 0.03321820398212111 0.017133956386292795
0 0.21591832588378707 0.7912772585669782 0.03875457131247462 0.031152647975077913
0 0.32941385615603413 0.9813084112149534 0.03321820398212111 0.018691588785046776
0 0.617304957334417 0.5459501557632399 0.04982730597318159 0.03271028037383182
0 0.2643615400243804 0.4158878504672897 0.047059122308004894 0.015576323987538956
0 0.5522526412027632 0.044392523364485986 0.08027732629012597 0.03582554517133956
0 0.30311611133685495 0.12461059190031153 0.04705912230800493 0.031152647975077875
0 0.5425639983746445 0.44781931464174457 0.06090004063388868 0.03271028037383175
0 0.5577890085331166 0.528816199376947 0.06366822429906542 0.029595015576324074
0 0.5204185290532304 0.5560747663551402 0.06643640796424215 0.031152647975077913
0 0.46505485574969524 0.6059190031152647 0.06643640796424222 0.028037383177570093
0 0.7958528037383178 0.6682242990654206 0.0525954896383584 0.03426791277258573
0 0.679589089800894 0.5638629283489096 0.06366822429906549 0.03738317757009348
