0 0.7454707822350329 0.4221183800623053 0.024849026074501096 0.031152647975077913
0 0.7827443213467846 0.6222741433021807 0.016566017383000828 0.03271028037383175
0 0.7428823420189391 0.6565420560747662 0.017601393469438165 0.023364485981308435
0 0.8205355485017551 0.5451713395638629 0.019672145642313267 0.024922118380062273
0 0.8236416767610677 0.616822429906542 0.02795515433381368 0.024922118380062273
0 0.175496246651164 0.41043613707165105 0.015530641296563204 0.03271028037383175
0 0.21225209771969689 0.43847352024922115 0.010353760864375481 0.03271028037383175
0 0.11647980972422392 0.44937694704049846 0.013459889123688083 0.020249221183800615
0 0.13822270753941238 0.5124610591900312 0.015530641296563168 0.02803738317757002
0 0.8583267756567255 0.1588785046728972 0.014495265210125723 0.024922118380062308
0 0.9375330462691978 0.499221183800623 0.015530641296563204 0.029595015576323932
0 0.9375330462691978 0.5934579439252335 0.017601393469438308 0.021806853582554523
0 0.9168255245404469 0.6915887850467288 0.015530641296563204 0.018691588785046776
0 0.055910308667627466 0.14953271028037382 0.01242451303725054 0.01869158878504672
0 0.04089735541428307 0.8403426791277258 0.01553064129656319 0.020249221183800473
0 0.2878345520296377 0.6651090342679127 0.01656601738300072 0.028037383177570235
0 0.4669546149833332 0.6464174454828661 0.0269197782473762 0.031152647975077913
