0 0.3815121979024167 0.6443228454172367 0.054919060647514825 0.0683994528043776
0 0.32951436388508887 0.5430916552667578 0.060761513907888656 0.06019151846785235
0 0.2693370953032375 0.17715458276333793 0.04790811673506614 0.07250341997264019
0 0.5112146602827177 0.15868673050615595 0.05258207934336525 0.06566347469220248
0 0.6806458048335613 0.8878248974008207 0.05258207934336525 0.06019151846785221
0 0.4358470132238942 0.8686730506155951 0.049076607387140925 0.04924760601915182
0 0.35054719562243497 0.9247606019151846 0.0420656634746922 0.06292749658002733
0 0.03563896488828089 0.8912448700410397 0.07127792977656178 0.10259917920656647
0 0.20799133606931142 0.7065663474692202 0.03972868217054262 0.06429548563611491
0 0.7297224122207021 0.6641586867305062 0.043234154126767094 0.05335157318741459
0 0.44344220246238025 0.646374829001368 0.050245098039215674 0.056087551299589575
0 0.9814181486548108 0.29890560875512995 0.037163702690378525 0.06703146374829
0 0.5480221158230734 0.08002735978112176 0.032717738258093904 0.0451436388508892
0 0.8448187414500683 0.2749658002735978 0.039728682170542554 0.05471956224350201
0 0.8500769493844049 0.15047879616963067 0.029212266301869506 0.03283173734610125
0 0.7232957136342908 0.5807113543091655 0.032717738258093904 0.04787961696306425
0 0.7343963748290012 0.9835841313269494 0.043234154126766955 0.03283173734610116
0 0.801000341997264 0.960328317373461 0.031549247606019154 0.038303693570451575
0 0.2161707706338349 0.4808481532147743 0.030380756953944363 0.045143638850889116
0 0.10574840401276787 0.1238030095759234 0.036223210214318284 0.04514363885088919
0 0.018695850433196534 0.7900136798905609 0.03739170086639307 0.04240766073871413
0 0.6929149566803465 0.3919288645690834 0.037391700866393054 0.04514363885088919
0 0.49018182854537157 0.3207934336525308 0.03388622891016872 0.056087551299589575
