0 0.022200825058411214 0.07087227414330219 0.02072077005451714 0.020249221183800622
0 0.0695625851830218 0.09657320872274143 0.026640990070093462 0.028037383177570093
0 0.0310811550817757 0.338006230529595 0.020720770054517133 0.031152647975077913
0 0.11914442781347352 0.4719626168224299 0.022200825058411235 0.021806853582554523
0 0.14652544538551404 0.5046728971962616 0.01776066004672897 0.03738317757009341
0 0.1776066004672897 0.6978193146417445 0.029601100077881595 0.031152647975077913
0 0.01480055003894081 0.9556074766355142 0.02960110007788162 0.029595015576324074
0 0.28935075326129284 0.8333333333333333 0.01924071505062308 0.021806853582554596
0 0.3729738609813084 0.8964174454828661 0.029601100077881668 0.038940809968847245
0 0.49359834379867606 0.9010903426791278 0.022200825058411196 0.029595015576323932
0 0.5727812865070093 0.9517133956386293 0.02368088006230529 0.021806853582554596
0 0.6615845867406542 0.9711838006230531 0.020720770054517033 0.023364485981308435
0 0.7429876119548287 0.985981308411215 0.02368088006230522 0.021806853582554454
0 0.3907345210280374 0.4742990654205607 0.02368088006230529 0.03894080996884739
0 0.45659696870132394 0.3971962616822429 0.01924071505062308 0.028037383177570093
0 0.4854580412772586 0.31152647975077874 0.017760660046728986 0.031152647975077875
0 0.5143191138531931 0.24922118380062305 0.03404126508956388 0.04049844236760123
0 0.6186629916277259 0.027258566978193146 0.032561210085669784 0.038940809968847356
0 0.35965336594626174 0.19470404984423673 0.014800550038940798 0.028037383177570128
0 0.3189518533391745 0.24766355140186916 0.019240715050623115 0.028037383177570055
0 0.2834305332457165 0.3925233644859813 0.016280605042834857 0.018691588785046776
0 0.2360687731211059 0.3714953271028037 0.019240715050623046 0.03271028037383182
0 0.39443465853777254 0.559190031152648 0.02220082505841127 0.031152647975077913
0 0.6253232391452492 0.5887850467289719 0.031081155081775762 0.031152647975077913
0 0.9154140199084891 0.45327102803738323 0.031081155081775762 0.028037383177570093
0 0.5357799114096573 0.7959501557632399 0.02664099007009348 0.04049844236760123
0 0.6800852742893301 0.8637071651090343 0.02516093506619924 0.029595015576323932
0 0.9746162200642524 0.8940809968847353 0.03108115508177562 0.043613707165109046
0 0.6830453842971184 0.3263239875389408 0.02220082505841134 0.026479750778816254
0 0.674165054273754 0.3956386292834891 0.025160935066199243 0.024922118380062343
0 0.7052462093555296 0.7827102803738317 0.025160935066199385 0.023364485981308292
0 0.3729738609813084 0.10747663551401868 0.02368088006230529 0.03426791277258568
0 0.4706574912383178 0.12149532710280372 0.0355213200934579 0.031152647975077857
0 0.6615845867406542 0.13084112149532712 0.032561210085669784 0.028037383177570076
0 0.8347510221962616 0.57398753894081 0.029601100077881595 0.026479750778816254
0 0.2331086631133178 0.631619937694704 0.02812104507398754 0.023364485981308435
0 0.2508693231600468 0.6721183800623052 0.019240715050623046 0.029595015576324074
0 0.4625171887169003 0.6728971962616822 0.028121045073987574 0.028037383177570093
0 0.17834662796923673 0.8979750778816199 0.02516093506619935 0.029595015576323932
0 0.6571444217289719 0.6417445482866043 0.02368088006230522 0.031152647975077913
