0 0.3666210670314638 0.48221614227086185 0.05198358413132702 0.04514363885088926
0 0.13953488372093023 0.8125854993160055 0.06839945280437759 0.07113543091655274
0 0.2647058823529412 0.8132694938440492 0.04787961696306429 0.04514363885088926
0 0.7004103967168263 0.10259917920656635 0.046511627906976966 0.03830369357045143
0 0.676470588235294 0.03761969904240766 0.039671682626538994 0.03967168262653899
0 0.8652530779753762 0.06292749658002736 0.058823529411764636 0.04377564979480165
0 0.7482900136798907 0.2168262653898769 0.05745554035567707 0.05061559507523942
0 0.45690834473324216 0.15253077975376197 0.03283173734610124 0.03419972640218878
0 0.46511627906976744 0.036935704514363885 0.05471956224350208 0.04377564979480164
0 0.625170998632011 0.13953488372093023 0.03830369357045136 0.04377564979480164
0 0.15595075239398085 0.5075239398084815 0.04651162790697674 0.04103967168262649
0 0.1600547195622435 0.4363885088919289 0.03830369357045143 0.043775649794801696
0 0.04856361149110807 0.4186046511627907 0.06429548563611491 0.07113543091655267
0 0.04445964432284542 0.024623803009575923 0.0533515731874145 0.049247606019151846
0 0.5102599179206567 0.5759233926128591 0.05198358413132688 0.05198358413132695
0 0.5041039671682627 0.6709986320109439 0.039671682626538925 0.053351573187414514
0 0.5991792065663474 0.5574555403556771 0.04651162790697669 0.04514363885088926
0 0.554719562243502 0.31874145006839943 0.042407660738714055 0.041039671682626525
0 0.43844049247606015 0.2612859097127223 0.04240766073871413 0.04377564979480162
0 0.4733242134062927 0.33310533515731877 0.04924760601915182 0.05061559507523942
0 0.07729138166894664 0.8898768809849521 0.04514363885088919 0.04514363885088926
0 0.6450068399452804 0.8194254445964433 0.039671682626538994 0.04103967168262656
0 0.5362517099863201 0.7989056087551298 0.0383036935704515 0.0355677154582763
