0 0.7375740994072048 0.1320109439124487 0.08663930688554501 0.11354309165526676
0 0.9382124943000457 0.5588235294117648 0.06611947104423166 0.08891928864569089
0 0.6891244870041041 0.6094391244870041 0.04673962608299135 0.050615595075239384
0 0.7962836297309621 0.8242134062927496 0.06041951664386673 0.07797537619699028
0 0.6212950296397629 0.7441860465116278 0.06155950752393977 0.0683994528043776
0 0.6144550843593252 0.31942544459644323 0.03419972640218873 0.04240766073871402
0 0.7535339717282261 0.32352941176470584 0.03647970816233467 0.053351573187414514
0 0.7689238486092111 0.24965800273597816 0.051299589603283235 0.053351573187414514
0 0.9439124487004105 0.1826265389876881 0.03647970816233467 0.053351573187414514
0 0.9615823073415413 0.4001367989056087 0.04217966256269946 0.07797537619699042
0 0.9074327405380757 0.28180574555403554 0.056999544003648026 0.07387140902872773
0 0.860123119015048 0.3919288645690834 0.04901960784313715 0.05882352941176471
0 0.989626082991336 0.7257181942544461 0.020747834017327875 0.045143638850889116
0 0.6577747378020976 0.347469220246238 0.04103967168262656 0.04103967168262649
0 0.6520747834017329 0.4124487004103968 0.029639762881896986 0.031463748290013666
0 0.7962836297309621 0.6032831737346102 0.035339717282261776 0.04651162790697669
0 0.7278841769265847 0.6340629274965801 0.028499772001824086 0.031463748290013666
0 0.4314865481076151 0.5136798905608755 0.037619699042407646 0.04787961696306432
0 0.3573871409028728 0.5027359781121752 0.030779753761969886 0.03967168262653906
0 0.3733470132238942 0.20588235294117646 0.037619699042407646 0.04240766073871409
0 0.4235066119471045 0.24145006839945282 0.035339717282261776 0.05061559507523942
0 0.4149566803465572 0.7674418604651163 0.03647970816233474 0.03830369357045143
0 0.37847697218422255 0.6395348837209301 0.043319653442772506 0.053351573187414375
0 0.1521887824897401 0.5848153214774282 0.03761969904240768 0.05608755129958965
0 0.23426812585499315 0.4151846785225718 0.04217966256269946 0.053351573187414514
0 0.1487688098495212 0.3283173734610123 0.05129958960328315 0.06566347469220243
0 0.17327861377108986 0.24008207934336526 0.02963976288189693 0.03146374829001371
0 0.24851801185590516 0.14500683994528046 0.043319653442772436 0.05198358413132697
0 0.16472868217054262 0.06908344733242133 0.044459644322845444 0.0588235294117647
0 0.2981076151390789 0.2818057455540356 0.04673962608299135 0.0766073871409029
0 0.3881668946648428 0.43433652530779754 0.01937984496124038 0.039671682626538994
0 0.36992704058367537 0.3714090287277702 0.02621979024167814 0.031463748290013666
0 0.4685362517099863 0.8009575923392613 0.04103967168262656 0.039671682626538994
0 0.4622663018695851 0.9445964432284542 0.035339717282261776 0.056087551299589505
0 0.267327861377109 0.8023255813953489 0.04901960784313722 0.04787961696306439
0 0.35453716370269034 0.7523939808481532 0.043319653442772436 0.04651162790697669
0 0.2981076151390789 0.9589603283173734 0.0421796625626995 0.04924760601915182
0 0.1385088919288646 0.716142270861833 0.03761969904240767 0.06155950752393977
0 0.2753077975376197 0.5656634746922025 0.04901960784313726 0.05882352941176471
0 0.22970816233470132 0.7140902872777017 0.03761969904240768 0.04924760601915182
0 0.15617875056999547 0.9117647058823529 0.03191974464204288 0.04240766073871413
0 0.08720930232558138 0.857045143638851 0.03305973552211582 0.039671682626538994
0 0.03020975832193343 0.17920656634746923 0.03077975376196991 0.03830369357045143
0 0.1801185590515276 0.4781121751025992 0.031919744642042856 0.04787961696306425
0 0.11456908344733244 0.4644322845417237 0.028499772001823978 0.03967168262653906
0 0.09062927496580027 0.5095759233926128 0.03077975376196991 0.04514363885088919
0 0.7079343365253078 0.8426812585499316 0.029639762881896844 0.04103967168262642
0 0.81281349749202 0.9042407660738715 0.029639762881896986 0.04651162790697683
