0 0.5316962612044579 0.6902286902286902 0.026549879008895372 0.01455301455301452
0 0.8971064380900446 0.7302494802494803 0.019563068743396597 0.015592515592515638
0 0.5973722777001466 0.9667359667359667 0.020960430796496326 0.014553014553014663
0 0.8509934903377527 0.9137214137214137 0.016768344637197147 0.01455301455301452
0 0.5750144848505504 0.9033264033264032 0.004192086159299322 0.012474012474012426
0 0.5016529770628131 0.9786902286902287 0.016768344637197074 0.017671517671517735
0 0.07545755086738692 0.8877338877338877 0.0167683446371971 0.012474012474012426
0 0.16349136021267172 0.66995841995842 0.019563068743396618 0.013513513513513402
0 0.9278484032582394 0.6876299376299376 0.011178896424798097 0.009355509355509354
0 0.8901196278245459 0.5644490644490644 0.019563068743396597 0.01455301455301452
0 0.9495075150812855 0.4766112266112266 0.01816570669029673 0.015592515592515638
0 0.941822023789237 0.35395010395010396 0.01397362053099755 0.015592515592515638
0 0.8244436113288571 0.13721413721413722 0.03912613748679334 0.02910602910602911
0 0.31789986708019496 0.1787941787941788 0.009781534371698299 0.01247401247401246
0 0.16698476534542106 0.08419958419958419 0.018165706690296855 0.01247401247401248
0 0.14043488633652568 0.034303534303534305 0.01537098258409733 0.014553014553014556
0 0.12506390375242835 0.3097713097713098 0.012576258477897841 0.016632016632016616
0 0.2983367983367983 0.5020790020790021 0.015370982584097349 0.016632016632016543
0 0.33466821171739203 0.5363825363825363 0.023755154902695922 0.01871101871101878
0 0.21379639412426296 0.527027027027027 0.02794724106199517 0.012474012474012426
0 0.5589448212399032 0.6216216216216216 0.016768344637197074 0.014553014553014592
0 0.6134419413107938 0.5862785862785863 0.01397362053099755 0.016632016632016616
0 0.6490746736648376 0.6237006237006237 0.015370982584097278 0.01455301455301445
0 0.6420878633993388 0.4630977130977131 0.018165706690296803 0.015592515592515567
0 0.4457584949388228 0.6564449064449065 0.016768344637197147 0.013513513513513544
0 0.45414266725742136 0.75 0.016768344637197147 0.017671517671517735
0 0.7112709311415767 0.0057172557172557184 0.02517980918339518 0.011434511434511437
0 0.6651443372754849 0.1398128898128898 0.013973620530997408 0.015592515592515604
0 0.6434852254524387 0.12474012474012476 0.015370982584097278 0.016632016632016633
0 0.5840973381956989 0.3201663201663202 0.01397362053099755 0.010395010395010366
0 0.35632732354043833 0.5784823284823285 0.01397362053099755 0.011434511434511449
0 0.08174568010633586 0.5062370062370062 0.01537098258409733 0.010395010395010474
0 0.008384172318598549 0.4682952182952183 0.013973620530997582 0.011434511434511449
0 0.2494291264783068 0.9734927234927235 0.012576258477897824 0.017671517671517735
0 0.20052145461981527 0.8783783783783784 0.015370982584097349 0.016632016632016616
0 0.23825023005350876 0.6839916839916839 0.020960430796496395 0.016632016632016616
0 0.7014757506560785 0.7203742203742203 0.02235779284959591 0.014553014553014663
