0 0.37728775433693473 0.9246361746361745 0.07266282676118742 0.057172557172557245
0 0.13065335196482736 0.6782744282744284 0.05729184417709007 0.042619542619542726
0 0.8495961282846528 0.658004158004158 0.03353668927439415 0.024948024948024995
0 0.050318680025391097 0.014033264033264032 0.0698408104273883 0.028066528066528065
0 0.6302102859479909 0.26143451143451146 0.02794724106199517 0.021829521829521886
0 0.7210388193994751 0.5296257796257797 0.022357792849596193 0.017671517671517662
0 0.7406018881428718 0.6273388773388774 0.025152516955795647 0.017671517671517735
0 0.04192086159299274 0.7879417879417879 0.027947241061995157 0.024948024948024852
0 0.5191200027265601 0.8206860706860707 0.020960430796496395 0.015592515592515638
0 0.329078763504993 0.8581081081081081 0.020960430796496433 0.015592515592515638
0 0.5268054940186088 0.9002079002079002 0.019563068743396528 0.01871101871101871
0 0.4576360723901708 0.8783783783783784 0.018165706690296872 0.01455301455301452
0 0.46112947752292016 0.32588357588357586 0.025152516955795647 0.015592515592515604
0 0.36051940969973756 0.3362785862785863 0.019563068743396597 0.017671517671517735
0 0.4785965031866671 0.2422037422037422 0.018165706690296803 0.01663201663201658
0 0.8810367744793973 0.18191268191268192 0.015370982584097278 0.014553014553014556
0 0.8412119559660544 0.22765072765072766 0.01956306874339674 0.012474012474012497
0 0.5764118469036501 0.015072765072765075 0.018165706690296872 0.017671517671517672
0 0.8048805425854607 0.95010395010395 0.019563068743396597 0.014553014553014663
0 0.9578916873998842 0.7941787941787942 0.026549879008895372 0.01455301455301452
0 0.7322177158242732 0.7193347193347194 0.016768344637197147 0.012474012474012426
0 0.9334378514706384 0.5353430353430353 0.013973620530997693 0.01455301455301452
0 0.2158924372039126 0.58991683991684 0.023755154902695884 0.015592515592515496
