0 0.18057455540355677 0.6395348837209301 0.07387140902872776 0.07523939808481522
0 0.3515731874145007 0.22024623803009574 0.0766073871409029 0.0711354309165527
0 0.43228454172366626 0.4746922024623803 0.04377564979480162 0.04651162790697669
0 0.3023255813953488 0.8105335157318742 0.054719562243502044 0.05335157318741466
0 0.19083447332421344 0.853625170998632 0.0369357045143639 0.038303693570451575
0 0.9705882352941176 0.9794801641586867 0.03967168262653914 0.04103967168262656
0 0.738030095759234 0.7886456908344733 0.04514363885088926 0.058823529411764636
0 0.9179206566347469 0.8775649794801642 0.03009575923392603 0.03419972640218873
0 0.591655266757866 0.3926128590971272 0.03146374829001374 0.03830369357045143
0 0.5389876880984952 0.3372093023255814 0.04103967168262656 0.039671682626538994
0 0.2250341997264022 0.9870041039671682 0.036935704514363864 0.025991792065663474
0 0.2270861833105335 0.698358413132695 0.03556771545827633 0.036935704514363864
0 0.2920656634746922 0.5718194254445964 0.04787961696306432 0.04103967168262656
0 0.5198358413132695 0.6306429548563611 0.02735978112175104 0.0383036935704515
