0 0.41017653167185886 0.09501557632398754 0.039460020768432004 0.028037383177570093
0 0.5181723779854621 0.040498442367601244 0.035306334371754886 0.02180685358255451
0 0.6220145379023885 0.16043613707165108 0.02284527518172375 0.015576323987538937
0 0.726895119418484 0.18769470404984426 0.024922118380062273 0.02024922118380065
0 0.4994807892004154 0.4112149532710281 0.03115264797507784 0.03115264797507784
0 0.2139148494288681 0.5981308411214953 0.04569055036344762 0.03426791277258565
0 0.2772585669781932 0.6542056074766355 0.026998961578400867 0.024922118380062273
0 0.240913811007269 0.9657320872274144 0.04569055036344753 0.03115264797507777
0 0.5399792315680166 0.969626168224299 0.0332294911734165 0.023364485981308292
0 0.588785046728972 0.9789719626168224 0.03115264797507784 0.026479750778816254
0 0.8338525441329181 0.9205607476635513 0.031152647975077913 0.021806853582554596
0 0.9210799584631362 0.5420560747663551 0.039460020768432004 0.031152647975077913
0 0.9491173416407063 0.34034267912772587 0.033229491173416364 0.03271028037383175
0 0.9553478712357218 0.5763239875389408 0.02907580477673932 0.024922118380062343
0 0.6147455867082036 0.17990654205607476 0.020768431983385297 0.0233644859813084
0 0.17445482866043616 0.13629283489096572 0.041536863966770525 0.020249221183800615
0 0.23572170301142265 0.0381619937694704 0.031152647975077875 0.020249221183800622
0 0.2886812045690551 0.027258566978193146 0.020768431983385228 0.017133956386292833
0 0.3592938733125649 0.09968847352024922 0.020768431983385228 0.01869158878504674
0 0.35410176531671866 0.14797507788161993 0.02284527518172382 0.015576323987538937
0 0.2710280373831776 0.2071651090342679 0.026998961578400867 0.021806853582554523
0 0.3229491173416407 0.6043613707165109 0.02699896157840083 0.021806853582554523
0 0.5856697819314642 0.6752336448598131 0.01661474558670825 0.017133956386292937
0 0.7061266874350984 0.8559190031152646 0.03322949117341667 0.03271028037383218
0 0.9325025960539981 0.6417445482866043 0.033229491173416364 0.031152647975077913
0 0.9657320872274144 0.7445482866043613 0.02907580477673946 0.021806853582554454
0 0.3011422637590862 0.7780373831775701 0.029075804776739354 0.017133956386292937
0 0.6323987538940812 0.6137071651090342 0.026998961578400794 0.021806853582554454
0 0.8120456905503636 0.4462616822429906 0.041536863966770594 0.020249221183800615
0 0.7653167185877467 0.4057632398753894 0.026998961578400867 0.017133956386292865
0 0.4911734164070613 0.2196261682242991 0.031152647975077982 0.02180685358255449
0 0.6355140186915889 0.9540498442367601 0.024922118380062273 0.017133956386292795
0 0.5285565939771547 0.8886292834890966 0.035306334371754886 0.03271028037383189
0 0.5202492211838008 0.8473520249221186 0.026998961578400867 0.024922118380062273
0 0.3655244029075806 0.8333333333333333 0.024922118380062343 0.021806853582554596
0 0.07788161993769471 0.8037383177570092 0.031152647975077895 0.018691588785046776
0 0.07372793354101766 0.9922118380062305 0.031152647975077875 0.015576323987538956
0 0.5285565939771548 0.5771028037383178 0.018691588785046703 0.020249221183800684
0 0.5607476635514019 0.5700934579439252 0.01661474558670825 0.018691588785046703
0 0.5649013499480791 0.5404984423676013 0.016614745586708182 0.015576323987538885
0 0.8795430944963656 0.6051401869158879 0.026998961578400867 0.020249221183800684
0 0.8120456905503636 0.751557632398754 0.020768431983385228 0.020249221183800757
0 0.37590861889927313 0.8714953271028036 0.033229491173416434 0.017133956386292795
0 0.5586708203530634 0.4610591900311526 0.020768431983385297 0.012461059190031208
0 0.07165109034267914 0.514018691588785 0.014537902388369685 0.021806853582554454
0 0.9792315680166148 0.14018691588785046 0.031152647975077913 0.01869158878504672
0 0.9283489096573209 0.27102803738317754 0.020768431983385228 0.024922118380062308
0 0.8743509865005192 0.26869158878504673 0.016614745586708182 0.014018691588785047
0 0.8452751817237799 0.9781931464174454 0.03738317757009341 0.028037383177570093
0 0.97196261682243 0.8161993769470408 0.02907580477673932 0.018691588785046776
