0 0.28219221105527637 0.39112227805695143 0.023555276381909494 0.03517587939698487
0 0.5497801507537688 0.4731993299832496 0.021670854271356746 0.041876046901172546
0 0.5252826633165829 0.9028475711892797 0.04051507537688451 0.050251256281406996
0 0.43294597989949746 0.9061976549413735 0.03674623115577887 0.06365159128978234
0 0.17383793969849243 0.7696817420435511 0.0160175879396985 0.03517587939698501
0 0.1352072864321608 0.7587939698492463 0.019786432160804016 0.036850921273031786
0 0.044755025125628144 0.1842546063651591 0.01978643216080402 0.05360134003350082
0 0.10222989949748744 0.12060301507537688 0.023555276381909546 0.030150753768844237
0 0.23932160804020097 0.11474036850921272 0.026381909547738686 0.04857621440536013
0 0.31281407035175873 0.31323283082077047 0.02638190954773865 0.05695142378559463
0 0.5168027638190954 0.4371859296482412 0.02920854271356781 0.043551088777219464
0 0.362751256281407 0.6716917922948075 0.016959798994974948 0.030150753768844255
0 0.392430904522613 0.7169179229480737 0.019786432160804068 0.04690117252931316
0 0.4013819095477386 0.7939698492462313 0.020728643216080443 0.030150753768844112
0 0.6779208542713567 0.8241206030150754 0.02355527638190935 0.026800670016750416
0 0.7038316582914572 0.5368509212730318 0.02072864321608037 0.05192629815745398
0 0.5582600502512561 0.5318257956448912 0.021670854271356746 0.038525963149078774
0 0.5535489949748743 0.2981574539363484 0.02732412060301499 0.05360134003350083
0 0.7942839195979897 0.3777219430485762 0.02449748743718587 0.04857621440536015
0 0.871074120603015 0.5954773869346733 0.031092964824120484 0.0318257956448911
0 0.9087625628140702 0.6809045226130652 0.019786432160803998 0.028475711892797476
0 0.13567839195979897 0.5703517587939698 0.03015075376884422 0.041876046901172546
0 0.3457914572864321 0.22194304857621439 0.02449748743718594 0.041876046901172505
0 0.35238693467336674 0.25711892797319935 0.02261306532663319 0.0351758793969849
0 0.032506281407035174 0.6658291457286433 0.01601758793969849 0.038525963149078704
