0 0.13096733668341706 0.8190954773869347 0.01884422110552764 0.03685092127303193
0 0.0975188442211055 0.8433835845896147 0.017902010050251268 0.03182579564489103
0 0.06030150753768844 0.2018425460636516 0.01884422110552764 0.03852596314907874
0 0.04192839195979899 0.13819095477386933 0.010364321608040208 0.025125628140703515
0 0.49890075376884413 0.20854271356783918 0.021670854271356815 0.028475711892797337
0 0.6849874371859295 0.6155778894472362 0.02072864321608037 0.028475711892797337
0 0.7735552763819095 0.8500837520938024 0.02072864321608037 0.025125628140703498
0 0.9026381909547737 0.7830820770519263 0.018844221105527623 0.028475711892797337
0 0.8550565326633165 0.2847571189279732 0.0160175879396985 0.03350083752093802
0 0.8220791457286432 0.22948073701842545 0.0160175879396985 0.02345058626465658
0 0.22424623115577888 0.6884422110552763 0.02261306532663319 0.043551088777219464
0 0.249214824120603 0.33249581239530984 0.01790201005025125 0.0318257956448911
0 0.3146984924623115 0.18760469011725292 0.018844221105527588 0.03685092127303182
0 0.7269158291457286 0.829145728643216 0.017902010050251393 0.023450586264656723
0 0.9299623115577889 0.778894472361809 0.013190954773869237 0.026800670016750273
0 0.9554020100502513 0.8391959798994975 0.01319095477386938 0.036850921273031786
0 0.7565954773869344 0.49329983249581244 0.016959798994974875 0.0318257956448911
0 0.9370288944723617 0.4321608040201005 0.012248743718593004 0.026800670016750416
0 0.9497487437185927 0.37437185929648237 0.016959798994974875 0.0318257956448911
0 0.9704773869346732 0.08961474036850921 0.013190954773869237 0.02177554438860972
0 0.5639133165829144 0.09212730318257957 0.012248743718592863 0.03685092127303183
0 0.06736809045226129 0.13149078726968175 0.014133165829145726 0.03182579564489112
0 0.024968592964824118 0.1323283082077052 0.010364321608040204 0.023450586264656632
0 0.1239007537688442 0.20519262981574538 0.0160175879396985 0.03517587939698494
0 0.12107412060301506 0.4472361809045226 0.0160175879396985 0.030150753768844255
