0 0.6379958960328317 0.2954856361149111 0.07945736434108511 0.08755129958960332
0 0.14255585955312358 0.4021887824897401 0.07945736434108529 0.07934336525307799
0 0.13203944368445053 0.22298221614227087 0.044402644778841774 0.06019151846785224
0 0.14372435020519833 0.029411764705882356 0.037391700866393054 0.03967168262653899
0 0.5193940948472412 0.4555403556771546 0.0455711354309166 0.06292749658002733
0 0.44344220246238025 0.32694938440492477 0.061930004559963475 0.07113543091655267
0 0.7063525991792065 0.8146374829001368 0.05258207934336525 0.050615595075239384
0 0.6946676926584587 0.5704514363885089 0.05258207934336525 0.06839945280437754
0 0.33477257181942544 0.5013679890560876 0.03856019151846784 0.050615595075239384
0 0.18871124031007752 0.6614227086183311 0.06426698586411309 0.08071135430916548
0 0.47908116735066114 0.06703146374829001 0.0420656634746922 0.051983584131326956
0 0.4229936160510715 0.13269493844049246 0.049076607387140925 0.05745554035567715
0 0.296796625626995 0.22366621067031464 0.0514135886912905 0.050615595075239384
0 0.1694311445508436 0.07113543091655267 0.03972868217054262 0.03556771545827633
0 0.8383920428636571 0.313953488372093 0.038560191518467804 0.04514363885088919
0 0.9359610123119014 0.6142270861833106 0.044402644778841704 0.057455540355677216
0 0.13788189694482444 0.9610123119015048 0.03739170086639307 0.053351573187414514
0 0.31899794801641584 0.5663474692202463 0.035054719562243514 0.03830369357045143
