0 0.21208105335157312 0.6114911080711355 0.04323415412676699 0.05471956224350208
0 0.14372435020519833 0.13406292749658003 0.05842453260373915 0.06292749658002736
0 0.4335100319197446 0.39398084815321477 0.05141358869129043 0.05471956224350208
0 0.7928209074327404 0.6552667578659371 0.038560191518467804 0.04924760601915189
0 0.7840572275421797 0.7790697674418604 0.03505471956224369 0.04787961696306425
0 0.7361491108071135 0.8392612859097127 0.046739626082991495 0.039671682626538994
0 0.7303066575467396 0.9473324213406292 0.0420656634746922 0.053351573187414514
0 0.7209587323301413 0.2906976744186046 0.032717738258093904 0.056087551299589575
0 0.560875512995896 0.17510259917920656 0.032717738258093904 0.04651162790697674
0 0.19221671226630185 0.35225718194254446 0.029212266301869575 0.04514363885088926
0 0.22259746922024623 0.460328317373461 0.043234154126766955 0.050615595075239384
0 0.5018667350661193 0.6367989056087552 0.054919060647514825 0.06703146374828989
0 0.04966085271317829 0.8529411764705883 0.045571135430916544 0.053351573187414375
