0 0.8949896157840084 0.11993769470404984 0.024662512980270036 0.021806853582554506
0 0.7866043613707165 0.5514018691588785 0.020768431983385086 0.031152647975077913
0 0.8216510903426791 0.8590342679127727 0.015576323987538958 0.020249221183800757
0 0.1680944963655244 0.8419003115264797 0.02206645898234683 0.026479750778816254
0 0.1629023883696781 0.750778816199377 0.016874350986500506 0.021806853582554596
0 0.04672897196261682 0.8940809968847353 0.02596053997923157 0.018691588785046776
0 0.04348390446521288 0.9890965732087227 0.014278296988577356 0.021806853582554454
0 0.19924714434060228 0.8855140186915889 0.011682242990654181 0.023364485981308292
0 0.4478193146417446 0.8917445482866043 0.01817237798546209 0.020249221183800757
0 0.741822429906542 0.942367601246106 0.016874350986500416 0.015576323987538956
0 0.8982346832814123 0.8294392523364487 0.015576323987538956 0.020249221183800615
0 0.899532710280374 0.8473520249221184 0.01817237798546202 0.024922118380062273
0 0.9397715472481829 0.8777258566978193 0.020768431983385228 0.026479750778816254
0 0.5575025960539979 0.4392523364485982 0.00908618899273101 0.015576323987538885
0 0.44717030114226375 0.6456386292834891 0.014278296988577353 0.017133956386292722
0 0.4867601246105919 0.6510903426791276 0.01298026998961575 0.012461059190031137
0 0.36085150571131885 0.5295950155763239 0.015576323987538958 0.021806853582554523
0 0.4549584631360332 0.1728971962616822 0.016874350986500558 0.01557632398753892
0 0.2953011422637591 0.10436137071651089 0.014278296988577353 0.015576323987538937
0 0.08372274143302182 0.17445482866043613 0.01427829698857737 0.01869158878504674
0 0.2914070612668743 0.617601246105919 0.011682242990654181 0.017133956386292722
0 0.03180166147455867 0.7024922118380061 0.014278296988577362 0.015576323987538956
0 0.49389927310488063 0.025700934579439248 0.016874350986500558 0.017133956386292833
0 0.41861370716510904 0.14174454828660435 0.011682242990654288 0.021806853582554523
0 0.7015835929387331 0.7990654205607477 0.014278296988577353 0.018691588785046634
0 0.12655763239875392 0.9275700934579438 0.009086188992731028 0.017133956386292795
0 0.11876947040498444 0.3855140186915888 0.0116822429906542 0.017133956386292865
0 0.09865005192107996 0.4228971962616822 0.010384215991692631 0.014018691588785047
0 0.3543613707165109 0.9213395638629284 0.007788161993769478 0.017133956386292937
0 0.3920041536863967 0.9844236760124611 0.015576323987538956 0.012461059190031137
0 0.41017653167185875 0.7297507788161994 0.010384215991692685 0.017133956386292795
0 0.4056334371754932 0.8006230529595015 0.014278296988577353 0.018691588785046634
0 0.5373831775700935 0.18847352024922118 0.010384215991692685 0.015576323987538956
0 0.27193665628245073 0.17990654205607476 0.014278296988577353 0.014018691588785047
