0 0.24110807113543092 0.7770177838577291 0.04445964432284541 0.06292749658002719
0 0.36308709530323763 0.9302325581395349 0.06497948016415876 0.08755129958960324
0 0.17612859097127223 0.8091655266757866 0.037619699042407646 0.05608755129958965
0 0.06953944368445053 0.6340629274965801 0.03419972640218878 0.056087551299589575
0 0.324327405380757 0.3850889192886457 0.0512995896032832 0.0697674418604651
0 0.04160966712266302 0.3119015047879617 0.03305973552211582 0.03830369357045143
0 0.05243958048335614 0.19493844049247605 0.0364797081623347 0.042407660738714055
0 0.16985864113087096 0.12311901504787962 0.029639762881896913 0.03830369357045143
0 0.1356589147286822 0.20109439124487005 0.03419972640218878 0.04924760601915185
0 0.12254901960784316 0.5027359781121752 0.035339717282261755 0.036935704514363794
0 0.23255813953488372 0.5711354309165526 0.025079799361605135 0.03419972640218887
0 0.21203830369357046 0.9555403556771546 0.031919744642042856 0.053351573187414514
0 0.3180574555403557 0.7831737346101231 0.02507979936160506 0.039671682626538994
0 0.2929776561787506 0.880984952120383 0.03875968992248062 0.04651162790697669
0 0.2770177838577291 0.9384404924760602 0.029639762881896913 0.0355677154582763
0 0.2838577291381669 0.9822161422708617 0.022799817601459188 0.03283173734610131
0 0.14021887824897403 0.7968536251709986 0.027359781121751022 0.039671682626538994
0 0.2775877792977656 0.5834473324213406 0.028499772001823978 0.036935704514363864
0 0.6093251253989969 0.5937072503419972 0.02621979024167807 0.043775649794801696
0 0.47480620155038766 0.5779753761969905 0.030779753761969886 0.039671682626538994
0 0.5010259917920658 0.682626538987688 0.030779753761969886 0.04651162790697683
0 0.3807569539443685 0.7257181942544461 0.04103967168262656 0.042407660738713986
0 0.3602371181030552 0.5314637482900137 0.03419972640218887 0.0424076607387142
0 0.40526675786593713 0.34815321477428185 0.0353397172822617 0.042407660738714055
0 0.3146374829001368 0.2995896032831737 0.03419972640218887 0.03830369357045143
0 0.17270861833105336 0.3207934336525308 0.021659826721386253 0.03693570451436393
0 0.210328317373461 0.20314637482900139 0.028499772001823978 0.03967168262653903
0 0.3414272685818514 0.08891928864569083 0.023939808481532127 0.03830369357045143
0 0.2559279525763794 0.09575923392612859 0.03305973552211583 0.043775649794801634
0 0.2131782945736434 0.032147742818057455 0.029639762881896948 0.04240766073871409
0 0.10772913816689467 0.020519835841313273 0.02621979024167807 0.02735978112175103
0 0.03989968080255358 0.4220246238030096 0.03419972640218878 0.04514363885088919
0 0.011969904240766075 0.5512995896032832 0.02393980848153215 0.0355677154582763
0 0.03647970816233471 0.4849521203830369 0.020519835841313273 0.03419972640218873
0 0.30095759233926134 0.673734610123119 0.03191974464204289 0.036935704514363864
0 0.42749658002735985 0.4357045143638851 0.015959872321021393 0.023255813953488344
0 0.47879616963064303 0.4199726402188783 0.025079799361605096 0.04377564979480162
0 0.4354765161878705 0.6655266757865936 0.02735978112175104 0.036935704514364
0 0.5756953944368446 0.7099863201094391 0.03647970816233474 0.04924760601915196
0 0.48791609667122665 0.7790697674418604 0.025079799361605096 0.028727770177838608
0 0.43262653898768816 0.8105335157318742 0.023939808481532127 0.03419972640218873
0 0.5095759233926129 0.8283173734610123 0.025079799361605096 0.03419972640218873
0 0.6874145006839945 0.9062927496580028 0.03647970816233467 0.045143638850889116
0 0.5625854993160054 0.9309165526675787 0.028499772001823943 0.04240766073871413
0 0.5306657546739626 0.7948016415868673 0.02165982672138618 0.0355677154582763
0 0.6560647514819881 0.5991792065663475 0.04217966256269953 0.06839945280437754
0 0.4713862289101688 0.5177838577291382 0.028499772001824013 0.03419972640218873
0 0.5796853625170999 0.48768809849521205 0.023939808481532127 0.039671682626538994
0 0.45998632010943913 0.28522571819425446 0.026219790241677997 0.03146374829001371
0 0.5067259461924305 0.3132694938440493 0.02621979024167814 0.03556771545827633
0 0.4531463748290014 0.3447332421340629 0.037619699042407646 0.04103967168262656
0 0.5169858641130872 0.38577291381668943 0.021659826721386253 0.030095759233926104
0 0.4514363885088919 0.380984952120383 0.022799817601459226 0.028727770177838608
0 0.42179662562699505 0.15800273597811218 0.018239854081167337 0.0369357045143639
0 0.42977656178750573 0.08344733242134064 0.03647970816233467 0.038303693570451436
0 0.5129958960328318 0.06292749658002736 0.02735978112175097 0.032831737346101224
0 0.3682170542635659 0.019835841313269494 0.02735978112175097 0.036935704514363885
0 0.3038075695394437 0.04035567715458276 0.021659826721386218 0.025991792065663474
0 0.3596671226630187 0.3344733242134063 0.02621979024167807 0.039671682626538994
0 0.07067943456452348 0.8761969904240766 0.020519835841313262 0.017783857729138076
0 0.05699954400364797 0.9288645690834474 0.02963976288189694 0.04103967168262656
0 0.09974920200638396 0.9021887824897402 0.021659826721386218 0.028727770177838608
0 0.12083903328773371 0.9528043775649795 0.03419972640218878 0.028727770177838608
0 0.12026903784769721 0.3693570451436388 0.021659826721386236 0.04103967168262656
0 0.3015275877792978 0.22845417236662108 0.03305973552211583 0.04651162790697672
