0 0.17746498074366926 0.2796257796257796 0.02794724106199517 0.01871101871101871
0 0.30881701373504655 0.5145530145530145 0.025152516955795647 0.016632016632016616
0 0.19842541154016566 0.6247401247401247 0.03353668927439422 0.022869022869022898
0 0.7238335435056746 0.7525987525987525 0.030741965168194697 0.022869022869022898
0 0.6462799495586381 0.8534303534303533 0.03213932722129442 0.020790020790020663
0 0.9215602740192904 0.555093555093555 0.015370982584097278 0.014553014553014592
0 0.8509934903377527 0.6122661122661123 0.02235779284959605 0.01871101871101864
0 0.9257523601785898 0.6242203742203742 0.020960430796496326 0.015592515592515638
0 0.9432193858423367 0.49064449064449067 0.027947241061995243 0.020790020790020732
0 0.7231348624791246 0.3238045738045738 0.020960430796496468 0.021829521829521886
0 0.7755359394703657 0.4423076923076923 0.016768344637197147 0.015592515592515567
0 0.5086397873283119 0.2988565488565489 0.019563068743396597 0.015592515592515567
0 0.7371084830101224 0.18866943866943867 0.023755154902695922 0.01975051975051976
0 0.6092498551514944 0.48180873180873185 0.013973620530997622 0.013513513513513544
0 0.5652329504788521 0.44646569646569645 0.015370982584097278 0.015592515592515567
0 0.5540540540540541 0.6554054054054055 0.020960430796496326 0.015592515592515638
0 0.548464605841655 0.6995841995841997 0.018165706690296945 0.020790020790020805
0 0.7713438533110665 0.7323284823284822 0.01956306874339674 0.015592515592515638
0 0.1991240925667155 0.7141372141372142 0.018165706690296872 0.012474012474012426
0 0.06078524930983947 0.7733887733887734 0.018165706690296855 0.012474012474012568
0 0.14532565352237484 0.08679833679833682 0.013973620530997585 0.013513513513513526
0 0.8572816195767016 0.22193347193347193 0.018165706690296872 0.015592515592515604
0 0.5477659248151052 0.22972972972972974 0.01956306874339667 0.010395010395010403
0 0.6406905013462391 0.21101871101871106 0.018165706690296945 0.014553014553014556
0 0.6330050100541904 0.33679833679833676 0.01956306874339667 0.01455301455301452
0 0.8468014041784534 0.8981288981288981 0.01397362053099755 0.01455301455301452
0 0.8761460072935483 0.7297297297297297 0.022357792849596193 0.01871101871101871
0 0.854486895470502 0.6663201663201663 0.015370982584097278 0.010395010395010331
0 0.32698272042534343 0.5852390852390852 0.01956306874339667 0.01455301455301452
0 0.9639242016291197 0.010395010395010397 0.07215159674176064 0.020790020790020795
0 0.05589448212399031 0.014033264033264032 0.11178896424798063 0.028066528066528065
0 0.8803626564576871 0.9953222453222453 0.022406918859275465 0.009355509355509354
0 0.24104495415970825 0.9656964656964658 0.018165706690296837 0.014553014553014663
