0 0.4003016338952321 0.1261682242990654 0.058438194729231015 0.08411214953271028
0 0.5950956163260019 0.5249221183800623 0.07402171332369256 0.08411214953271028
0 0.8614763873000798 0.8356697819314641 0.034088946925384674 0.057632398753894025
0 0.795246433273618 0.897196261682243 0.03019306727676934 0.06542056074766364
0 0.33261072500053956 0.7982866043613709 0.03603688674969245 0.04205607476635507
0 0.03506291683753858 0.470404984423676 0.04675055578338478 0.05295950155763236
0 0.13830372752584663 0.1721183800623053 0.027271157540307785 0.032710280373831765
0 0.40322354363169366 0.23208722741433022 0.02727115754030784 0.05919003115264797
0 0.24933629751138547 0.36059190031152644 0.027271157540307803 0.03894080996884739
0 0.10518875051261574 0.3839563862928348 0.03116703718892319 0.04205607476635514
0 0.11931131423884654 0.6230529595015576 0.02434924780384625 0.043613707165109046
0 0.10567573546869266 0.7858255451713396 0.02824512745246164 0.03894080996884753
0 0.1982028771233084 0.866043613707165 0.020453368155230828 0.031152647975077913
0 0.20550765146446223 0.8154205607476634 0.025323217716000067 0.04828660436137071
0 0.17093171958300057 0.8746105919003117 0.024349247803846216 0.03271028037383175
0 0.7558006518313871 0.5864485981308412 0.029219097364615434 0.06074766355140184
0 0.5965565711942327 0.23286604361370714 0.036036886749692416 0.05451713395638627
0 0.5644155640931557 0.14018691588785046 0.03214100710107701 0.049844236760124616
0 0.44656520472253997 0.09579439252336447 0.020453368155230862 0.0545171339563863
0 0.4431563100300015 0.1526479750778816 0.021427338067384696 0.04361370716510903
0 0.4869849560769247 0.25545171339563866 0.01753145841876929 0.04361370716510901
0 0.6696043146057715 0.1261682242990654 0.028245127452461674 0.04049844236760123
0 0.8298223651550797 0.20482866043613704 0.023375277891692435 0.038940809968847356
0 0.9053050333470032 0.3574766355140187 0.02240130797953853 0.04205607476635514
0 0.9535165439986186 0.3068535825545171 0.02142733806738477 0.021806853582554523
0 0.9899068658133863 0.6884735202492211 0.020186268373227564 0.043613707165109046
0 0.8955653342254645 0.6464174454828661 0.018505428330923054 0.031152647975077913
0 0.9296542811508494 0.7811526479750779 0.018505428330923196 0.026479750778816112
0 0.8346922147158489 0.5778816199376946 0.02142733806738477 0.028037383177570093
0 0.7864807040642333 0.5973520249221184 0.02240130797953853 0.03894080996884732
0 0.7913505536250027 0.5233644859813084 0.02240130797953867 0.03738317757009341
0 0.24251850812630849 0.6954828660436136 0.021427338067384696 0.029595015576323932
0 0.3827701754764628 0.7827102803738317 0.019479398243076956 0.029595015576323932
0 0.36475173210161654 0.8185358255451713 0.022401307979538602 0.03582554517133957
0 0.1694707647147698 0.7118380062305295 0.02337527789169238 0.028037383177570093
0 0.06330804429000021 0.749221183800623 0.02921909736461549 0.03738317757009341
0 0.8926434244890029 0.12461059190031153 0.028245127452461674 0.031152647975077875
0 0.9155317174246185 0.16199376947040497 0.019479398243076956 0.03738317757009344
0 0.9773788068463878 0.010903426791277255 0.03798482657400015 0.02180685358255451
0 0.8999481988301568 0.04750778816199377 0.027271157540307768 0.035825545171339554
0 0.6092181800522327 0.45638629283489096 0.0185054283309232 0.028037383177570086
0 0.31556625153784723 0.7305295950155763 0.03116703718892314 0.046728971962616724
0 0.39445781442230904 0.7235202492211837 0.013635578770153955 0.03582554517133943
0 0.4241638967430014 0.7227414330218067 0.02240130797953853 0.03115264797507777
0 0.4670185728777707 0.7998442367601245 0.026297187628153935 0.045171339563862746
0 0.5074383242321555 0.8403426791277258 0.021427338067384626 0.03271028037383175
0 0.633567427856079 0.8302180685358255 0.018505428330923196 0.03426791277258573
0 0.6754481340786944 0.9509345794392523 0.018505428330923196 0.026479750778816254
0 0.4022495737195398 0.48598130841121495 0.029219097364615507 0.03426791277258573
0 0.3574469577604627 0.5911214953271027 0.019479398243076953 0.026479750778816057
0 0.39153590468584754 0.660436137071651 0.01947939824307703 0.03426791277258566
0 0.11298050980984653 0.18925233644859812 0.015583518594461587 0.029595015576324
0 0.6783700438151561 0.5241433021806854 0.014609548682307717 0.026479750778816254
0 0.4928287755498478 0.7126168224299064 0.01753145841876922 0.029595015576324078
0 0.25371916211607776 0.9447040498442368 0.024349247803846234 0.03582554517133957
0 0.08717030713776953 0.9345794392523366 0.01850542833092314 0.031152647975077913
0 0.16703583993438517 0.1588785046728972 0.014609548682307736 0.024922118380062308
