0 0.28782126168224303 0.8590342679127727 0.03548481308411215 0.023364485981308435
0 0.6515405957943926 0.9158878504672898 0.0216851635514017 0.021806853582554454
0 0.736309871495327 0.9602803738317758 0.02168516355140175 0.017133956386292955
0 0.9748466705607477 0.9602803738317758 0.04139894859813069 0.023364485981308435
0 0.8289646612149533 0.3442367601246106 0.03351343457943926 0.03426791277258566
0 0.7698233060747665 0.37305295950155765 0.025627920560747555 0.017133956386292865
0 0.7175817757009346 0.5934579439252335 0.03154205607476641 0.03426791277258566
0 0.6308411214953271 0.5420560747663551 0.023656542056074842 0.015576323987538956
0 0.1517961448598131 0.366822429906542 0.023656542056074804 0.03271028037383175
0 0.619998539719626 0.337227414330218 0.021685163551402077 0.023364485981308438
0 0.7560236565420562 0.044392523364485986 0.02957067757009341 0.01713395638629284
0 0.7165960864485982 0.5677570093457944 0.013799649532710276 0.017133956386292795
0 0.7717946845794392 0.278816199376947 0.01774240654205613 0.015576323987538956
0 0.5657856308411215 0.29595015576323985 0.02759929906542055 0.021806853582554523
0 0.02957067757009346 0.7912772585669782 0.015771028037383176 0.018691588785046776
0 0.06604117990654207 0.8193146417445482 0.025627920560747662 0.018691588785046776
0 0.4967873831775701 0.7087227414330218 0.01971378504672906 0.015576323987538956
0 0.5470575350467289 0.5989096573208722 0.01774240654205606 0.023364485981308362
0 0.31049211448598135 0.7313084112149533 0.01774240654205613 0.017133956386292937
0 0.43961740654205606 0.7367601246105919 0.019713785046728986 0.015576323987538956
0 0.34301985981308414 0.22274143302180685 0.01577102803738313 0.021806853582554523
0 0.14095356308411217 0.16978193146417447 0.017742406542056076 0.01557632398753892
0 0.2750073014018692 0.09890965732087227 0.025627920560747662 0.020249221183800632
0 0.027599299065420562 0.4813084112149532 0.02365654205607477 0.021806853582554523
0 0.1922094042056075 0.5225856697819314 0.017742406542056097 0.023364485981308435
0 0.6525262850467289 0.39797507788161995 0.019713785046728844 0.014018691588785047
0 0.595356308411215 0.3917445482866043 0.01577102803738313 0.014018691588785047
0 0.36766209112149534 0.4026479750778816 0.025627920560747697 0.014018691588785047
0 0.33710572429906543 0.426791277258567 0.011828271028037421 0.009345794392523388
0 0.3785046728971963 0.6238317757009346 0.015771028037383204 0.017133956386292795
0 0.4603168808411215 0.5942367601246106 0.021685163551401914 0.017133956386292937
0 0.9068341121495328 0.6152647975077882 0.015771028037383273 0.012461059190031137
0 0.9009199766355142 0.6339563862928348 0.019713785046728986 0.009345794392523388
0 0.775737441588785 0.9470404984423675 0.013799649532710276 0.018691588785046776
0 0.6357695677570093 0.9704049844236761 0.01774240654205606 0.015576323987538956
0 0.5490289135514018 0.9595015576323987 0.013799649532710347 0.018691588785046634
0 0.13898218457943926 0.9719626168224299 0.021685163551401862 0.018691588785046634
0 0.5805709696261683 0.01012461059190031 0.021685163551401772 0.017133956386292833
0 0.5017158294392524 0.18613707165109034 0.02168516355140184 0.020249221183800615
0 0.5243866822429907 0.15031152647975077 0.02365654205607477 0.014018691588785047
0 0.9186623831775702 0.08644859813084112 0.0236565420560747 0.014018691588785055
0 0.8467070677570093 0.0794392523364486 0.02168516355140184 0.01869158878504672
0 0.8910630841121495 0.14563862928348908 0.01577102803738313 0.017133956386292847
0 0.9837178738317758 0.27414330218068533 0.019713785046728986 0.024922118380062308
0 0.566771320093458 0.4898753894080997 0.01774240654205606 0.010903426791277298
0 0.018728095794392524 0.37694704049844235 0.02168516355140187 0.012461059190031137
