0 0.3506435863293387 0.48934753661784286 0.037727474478473084 0.04660452729693745
0 0.3484243231247226 0.42876165113182424 0.024411895250776753 0.029294274300932132
0 0.45328450954283184 0.4194407456724367 0.02996005326231689 0.02130492676431416
0 0.4494007989347537 0.3881491344873502 0.022192632046160624 0.03062583222370165
0 0.11540168664003553 0.31025299600532624 0.04438526409232136 0.06125166444740348
0 0.09209942299156681 0.18508655126498003 0.04660452729693742 0.061251664447403494
0 0.11096316023080338 0.11584553928095871 0.048823790501553506 0.050599201065246346
0 0.29682645361739907 0.10719041278295606 0.05437194851309364 0.06790945406125168
0 0.6341544607190412 0.20372836218375498 0.036617842876165124 0.047936085219707075
0 0.43109187749667116 0.211051930758988 0.038837106080781184 0.04394141145139813
0 0.4604971149578341 0.26564580559254325 0.024411895250776753 0.02796271637816247
0 0.2774079005770085 0.28894806924101196 0.04660452729693738 0.03728362183754992
0 0.15257434531735467 0.44607190412782954 0.03439857967154907 0.04260985352862853
0 0.03162450066577896 0.2969374167776298 0.034398579671549044 0.037283621837549887
0 0.12316910785619176 0.8961384820239681 0.07101642254771418 0.0932090545938749
0 0.10042166000887706 0.5772303595206392 0.038837106080781184 0.054593874833555274
0 0.28406569019085665 0.5612516644474035 0.03550821127385707 0.03861517976031955
0 0.3739458499778074 0.559254327563249 0.024411895250776753 0.031957390146471386
0 0.45994229915668 0.5106524633821572 0.03217931646693302 0.03861517976031955
0 0.9343098091433645 0.8382157123834887 0.07101642254771406 0.06524633821571242
0 0.624722592099423 0.414780292942743 0.03106968486462506 0.0359520639147803
0 0.7023968042609855 0.7749667110519307 0.037727474478473084 0.05326231691078562
0 0.3778295605858855 0.7716378162450067 0.036617842876165124 0.05193075898801581
0 0.42720816688859303 0.614513981358189 0.015534842432312458 0.03328894806924097
0 0.23912561029738127 0.7070572569906791 0.04327563249001333 0.047936085219706964
0 0.622503328894807 0.017976031957390146 0.03106968486462499 0.03595206391478029
0 0.5237461162893919 0.02796271637816245 0.02663115845539281 0.03462050599201065
0 0.6269418553040391 0.6604527296937417 0.03550821127385703 0.034620505992010636
0 0.6358189081225034 0.5785619174434088 0.044385264092321394 0.054593874833555274
0 0.6452507767421217 0.5199733688415447 0.036617842876165124 0.0492676431424767
0 0.5453839325343987 0.24500665778961384 0.034398579671549 0.04527296937416778
0 0.8388814913448734 0.17842876165113183 0.031069684864624917 0.042609853528628464
0 0.027740790057700845 0.8002663115845539 0.028850421660008882 0.037283621837549956
0 0.4466267199289837 0.8701731025299599 0.02996005326231689 0.03861517976031948
0 0.6679982245894364 0.1870838881491345 0.02219263204616084 0.03328894806924097
0 0.7584332001775411 0.26764314247669774 0.041056369285397236 0.03994673768308921
0 0.7473368841544609 0.21837549933422104 0.027740790057700904 0.03994673768308921
0 0.5992010652463382 0.75832223701731 0.028850421660008792 0.030625832223701792
0 0.5592543275632491 0.9247669773635152 0.04660452729693738 0.04394141145139813
0 0.3711717709720373 0.9394141145139814 0.036617842876165124 0.041278295605858946
