0 0.30150753768844224 0.18844221105527637 0.02638190954773865 0.05192629815745395
0 0.3358982412060302 0.1984924623115578 0.019786432160803998 0.041876046901172546
0 0.5907663316582915 0.24958123953098826 0.016959798994974733 0.023450586264656615
0 0.471105527638191 0.27721943048576214 0.02638190954773876 0.03852596314907874
0 0.5120917085427137 0.5946398659966499 0.023555276381909563 0.04355108877721932
0 0.18467336683417088 0.6649916247906198 0.022613065326633156 0.026800670016750416
0 0.15546482412060303 0.6147403685092128 0.020728643216080443 0.030150753768844255
0 0.05040829145728644 0.49664991624790616 0.021670854271356784 0.0318257956448911
0 0.9082914572864322 0.13819095477386933 0.01130653266331663 0.025125628140703515
0 0.8729585427135679 0.17420435510887772 0.021670854271356746 0.04020100502512562
0 0.8032349246231156 0.22110552763819094 0.023555276381909494 0.04020100502512559
0 0.6849874371859298 0.45309882747068675 0.02072864321608037 0.03517587939698487
0 0.6096105527638191 0.6415410385259631 0.016959798994974806 0.03350083752093802
0 0.5172738693467337 0.9154103852596316 0.020728643216080513 0.03182579564489103
0 0.446608040201005 0.9011725293132329 0.018844221105527695 0.03350083752093795
0 0.3627512562814071 0.8961474036850922 0.016959798994974875 0.030150753768844112
0 0.333071608040201 0.35845896147403683 0.021670854271356746 0.04020100502512562
0 0.023555276381909546 0.3877721943048576 0.030150753768844223 0.0318257956448911
0 0.34956030150753775 0.5778894472361809 0.020728643216080443 0.02345058626465665
0 0.35709798994974873 0.42211055276381915 0.022613065326633118 0.03350083752093802
0 0.7189070351758795 0.6398659966499163 0.02449748743718587 0.02680067001675049
0 0.8051193467336684 0.4782244556113903 0.0160175879396985 0.018425460636515893
0 0.5813442211055277 0.3358458961474037 0.02072864321608037 0.041876046901172505
0 0.55731783919598 0.5242881072026802 0.019786432160803998 0.030150753768844255
0 0.451319095477387 0.4321608040201005 0.016959798994974948 0.02345058626465665
0 0.43153266331658297 0.3927973199329983 0.02072864321608037 0.038525963149078704
0 0.974246231155779 0.1457286432160804 0.015075376884422127 0.023450586264656632
