0 0.37397400820793436 0.8659370725034199 0.013337893296853665 0.019151846785225645
0 0.5935362517099863 0.33994528043775646 0.01949384404924757 0.02051983584131328
0 0.40013679890560866 0.1682626538987688 0.014363885088919304 0.01641586867305062
0 0.21904924760601915 0.3604651162790698 0.015389876880984943 0.02051983584131328
0 0.26140746488819205 0.2851894954678953 0.01040098710456217 0.017446817078620426
0 0.21560229470270115 0.48061258265875323 0.02045067174778399 0.02262627512520787
0 0.35571115220879557 0.5876522688280056 0.014358982290997205 0.0197254706219762
0 0.2602021639398896 0.6099884635028902 0.011313137562603898 0.02262627512520787
0 0.03763793842943219 0.6326147386280979 0.013488740940027727 0.021465953323915057
0 0.31263420533580377 0.842923065112401 0.01609946499293624 0.022046114224561535
0 0.2628128879927982 0.7837466532464731 0.015664344317451614 0.02552707962843968
0 0.31306932601128856 0.8220372726891324 0.015229223641966706 0.020885792423268868
0 0.25302267279439095 0.9718621963186517 0.01522922364196674 0.02726756233037861
0 0.7451441567676603 0.7688058810924281 0.011748258238088737 0.02842788413167128
0 0.9416938294850413 0.932991415975346 0.012183378913573364 0.022626275125207797
0 0.8448794791896813 0.4839468788750685 0.009137534185179987 0.021465953323915057
0 0.8659828319506923 0.3177307808398881 0.014794102966481973 0.027847723231024944
0 0.04895107599203608 0.18188044235263184 0.01696970634390585 0.026107240529085907
