0 0.6138227706386292 0.11993769470404984 0.035569996105919016 0.04361370716510903
0 0.4095356308411215 0.13317757009345793 0.024995132398753908 0.03582554517133957
0 0.39271198403426794 0.26869158878504673 0.018265673676012496 0.029595015576324
0 0.5739266939252335 0.3263239875389408 0.030763239875389273 0.04517133956386292
0 0.35041252920560745 0.5981308411214954 0.02018837616822438 0.0467289719626168
0 0.18938619548286603 0.633956386292835 0.023072429906542062 0.024922118380062343
0 0.22111078660436134 0.35669781931464173 0.021149727414330216 0.024922118380062273
0 0.23312767718068536 0.23753894080996887 0.02018837616822431 0.029595015576323967
0 0.5148035922897196 0.49143302180685355 0.10094188084112148 0.16978193146417447
0 0.7378370813862928 0.5911214953271028 0.01826567367601257 0.029595015576324
0 0.6258396612149533 0.6214953271028038 0.011536214953271085 0.018691588785046776
0 0.7037091121495327 0.866043613707165 0.013458917445482825 0.028037383177570093
0 0.5258591316199376 0.8800623052959502 0.011536214953271085 0.021806853582554596
0 0.48932778426791274 0.8099688473520249 0.015381619937694779 0.018691588785046776
0 0.1480480919003115 0.7655763239875389 0.017304322429906538 0.020249221183800615
0 0.1514128212616822 0.9649532710280374 0.012497566199376937 0.023364485981308577
0 0.23216632593457942 0.9112149532710281 0.016342971183800615 0.024922118380062273
0 0.2927314544392523 0.9875389408099688 0.01826567367601246 0.024922118380062273
0 0.5974797994548285 0.9626168224299065 0.01442026869158873 0.021806853582554596
0 0.7806172118380061 0.1923676012461059 0.013458917445482825 0.014018691588785047
0 0.8094577492211837 0.23442367601246106 0.017304322429906448 0.0233644859813084
0 0.8815590926791276 0.35903426791277254 0.015381619937694779 0.020249221183800615
0 0.9046315225856698 0.3543613707165109 0.015381619937694779 0.026479750778816254
0 0.9435662480529595 0.337227414330218 0.010574863707165037 0.023364485981308435
0 0.6936149240654206 0.26869158878504673 0.016342971183800615 0.029595015576324
0 0.7695616725077881 0.24532710280373832 0.018265673676012426 0.020249221183800615
0 0.6421826323987538 0.19781931464174454 0.021149727414330143 0.031152647975077875
0 0.3951153621495327 0.04906542056074766 0.023072429906542027 0.029595015576323987
0 0.35714198792834895 0.4236760124610592 0.01249756619937692 0.015576323987538956
0 0.15670025311526475 0.4797507788161994 0.011536214953270996 0.028037383177570093
0 0.2696590245327103 0.4509345794392523 0.014420268691588802 0.020249221183800615
0 0.03749269859813084 0.5202492211838006 0.015381619937694707 0.021806853582554523
0 0.061045804127725846 0.5163551401869158 0.018265673676012454 0.020249221183800542
0 0.23505037967289716 0.5950155763239876 0.01634297118380065 0.021806853582554523
0 0.6859241140965732 0.35046728971962615 0.016342971183800615 0.03738317757009341
0 0.1802533586448598 0.1721183800623053 0.014420268691588767 0.023364485981308435
0 0.07402404595015576 0.11214953271028037 0.015381619937694707 0.021806853582554523
0 0.0865216121495327 0.0763239875389408 0.011536214953271031 0.024922118380062298
0 0.16823646806853582 0.8714953271028036 0.015381619937694707 0.020249221183800473
0 0.17112052180685355 0.9657320872274144 0.011536214953271014 0.024922118380062416
0 0.18265673676012462 0.9602803738317758 0.009613512461059166 0.026479750778816254
0 0.039415401090342674 0.8847352024922119 0.013458917445482865 0.021806853582554454
0 0.32301401869158874 0.9898753894080997 0.015381619937694744 0.020249221183800615
0 0.6296850661993768 0.8707165109034268 0.011536214953271085 0.018691588785046634
0 0.8017669392523363 0.7943925233644858 0.013458917445482825 0.018691588785046776
0 0.8858851732866043 0.17990654205607476 0.016342971183800615 0.0233644859813084
0 0.8258007204049843 0.17601246105919002 0.015381619937694779 0.01869158878504674
0 0.8349335572429907 0.23442367601246106 0.010574863707165037 0.029595015576323967
0 0.8950180101246105 0.3052959501557632 0.013458917445482683 0.021806853582554523
0 0.8733876070872273 0.3411214953271024 0.016342971183800497 0.01869158878504669
0 0.9190517912772586 0.6799065420560748 0.013458917445482683 0.03271028037383175
0 0.9728874610591899 0.6347352024922118 0.013458917445482683 0.020249221183800615
0 0.9685613804517132 0.5537383177570093 0.018265673676012426 0.020249221183800542
0 0.6912115459501558 0.6666666666666667 0.011536214953271014 0.021806853582554596
0 0.3287821261682242 0.5841121495327103 0.013458917445482896 0.018691588785046703
0 0.055277696651090336 0.249221183800623 0.012497566199376945 0.02180685358255449
0 0.5950764213395638 0.06619937694704049 0.01730432242990652 0.023364485981308407
0 0.5720039914330218 0.09501557632398754 0.011536214953271014 0.031152647975077885
0 0.2951348325545171 0.867601246105919 0.011536214953271048 0.018691588785046776
0 0.5595064252336448 0.97196261682243 0.01730432242990652 0.021806853582554454
0 0.6450666861370715 0.9049844236760126 0.011536214953271014 0.018691588785046776
0 0.7027477609034267 0.9252336448598132 0.011536214953270871 0.021806853582554454
0 0.8681001752336448 0.8434579439252338 0.011536214953270871 0.023364485981308435
0 0.9680807048286604 0.7165109034267912 0.011536214953271014 0.018691588785046634
0 0.27590780763239875 0.3839563862928349 0.015381619937694707 0.023364485981308435
0 0.9632739485981306 0.4392523364485982 0.013458917445482967 0.015576323987538885
0 0.8507958528037384 0.6105919003115264 0.013458917445482967 0.024922118380062343
