0 0.2949117341640706 0.5397196261682242 0.08307372793354101 0.06074766355140177
0 0.3302180685358256 0.4197819314641745 0.045690550363447574 0.03894080996884739
0 0.8452751817237799 0.5109034267912772 0.062305295950155826 0.056074766355140186
0 0.9293873312564904 0.5389408099688473 0.026998961578400867 0.018691588785046703
0 0.8338525441329181 0.5708722741433021 0.031152647975077913 0.017133956386292795
0 0.9044652128764278 0.7242990654205608 0.03115264797507777 0.04049844236760123
0 0.5607476635514019 0.7702492211838006 0.024922118380062343 0.020249221183800615
0 0.14537902388369678 0.8037383177570093 0.04153686396677049 0.031152647975077913
0 0.5462097611630322 0.5942367601246106 0.049844236760124616 0.03271028037383175
0 0.5109034267912773 0.542834890965732 0.0456905503634475 0.029595015576324078
0 0.47975077881619943 0.5537383177570093 0.02907580477673932 0.029595015576324
0 0.44755970924195226 0.5654205607476634 0.02284527518172375 0.021806853582554523
0 0.8452751817237799 0.014018691588785047 0.04569055036344764 0.028037383177570093
0 0.17445482866043616 0.16666666666666663 0.041536863966770525 0.021806853582554506
0 0.15264797507788164 0.2406542056074766 0.07684319833852543 0.06074766355140184
0 0.06645898234683281 0.2523364485981308 0.029075804776739343 0.018691588785046703
0 0.011422637590861894 0.6342159877313631 0.022845275181723787 0.03790238044714997
0 0.28660436137071654 0.6074766355140186 0.029075804776739354 0.018691588785046776
0 0.6417445482866044 0.5848909657320872 0.020768431983385155 0.010903426791277298
0 0.9127725856697819 0.26869158878504673 0.026998961578400867 0.02647975077881618
0 0.7808930425752857 0.3878504672897196 0.024922118380062273 0.021806853582554523
0 0.2097611630321911 0.13629283489096572 0.033229491173416364 0.020249221183800632
0 0.18899273104880585 0.0778816199376947 0.024922118380062308 0.012461059190031154
0 0.23260643821391486 0.024922118380062298 0.033229491173416434 0.028037383177570086
0 0.19522326064382142 0.9626168224299064 0.024922118380062308 0.018691588785046776
0 0.1941848390446521 0.9937694704049843 0.03530633437175492 0.012461059190031137
