0 0.1679193235292811 0.5042690281975635 0.03731540522872912 0.030185771660629825
0 0.1914635673045507 0.37404901324298606 0.02576539884840823 0.023867819452591022
0 0.6325849648298844 0.3519361805148503 0.021323088702130875 0.017549867244552146
0 0.8698043266410909 0.3466712203414846 0.021323088702130944 0.018251861934334316
0 0.982194773341906 0.7120594563730616 0.031096171023940827 0.027377792901501437
0 0.5019810465293324 0.6966155731978556 0.030207708994685518 0.024569814142373046
0 0.3087405551662708 0.7324173023767422 0.020434626672875423 0.01614587786498788
0 0.31140594125403714 0.5067260096118007 0.02043462667287546 0.015443883175205926
0 0.4859887300027341 0.46811630167378593 0.021323088702131017 0.01684787255477012
0 0.44734063173012184 0.389843893763083 0.013326930438831824 0.013337899105859634
0 0.45489255897879327 0.3382472840640996 0.012438468409576303 0.008423936277385096
0 0.23633089978195115 0.2775247433979489 0.015992316526598174 0.011933909726295475
0 0.034205788126335034 0.39686384066090397 0.016880778555853654 0.013337899105859705
0 0.021323088702130934 0.5842964228327214 0.015992316526598202 0.014741888485423899
0 0.09417697510107828 0.6748537378146108 0.01599231652659821 0.013337899105859634
0 0.1985712635385943 0.668184788261681 0.013326930438831824 0.011231915036513556
0 0.23322128267955705 0.6723967564003734 0.013326930438831788 0.012635904416077466
0 0.2878616974787676 0.588508390971414 0.012438468409576409 0.010529920346731315
0 0.256321295440199 0.6211511440462811 0.011550006380320887 0.009827925656949218
0 0.1199423739494865 0.6411579927050707 0.012438468409576374 0.010529920346731315
0 0.12616160815427468 0.6860856528511243 0.010661544351065472 0.009125930967167193
0 0.2945251626981835 0.6966155731978557 0.013326930438831788 0.010529920346731387
0 0.4606675621689537 0.7057415041650228 0.009773082321810022 0.009125930967167193
0 0.9080081938990756 0.4158176972850203 0.019546164643620186 0.013337899105859634
0 0.79961582632991 0.3242073902684578 0.021323088702131086 0.01684787255477012
0 0.6992196170240436 0.28243870622642353 0.0159923165265981 0.01333789910585967
0 0.620146496420308 0.3291213530969324 0.014215392468087274 0.011231915036513343
0 0.5277464453777406 0.3052535336443414 0.014215392468087345 0.011231915036513378
0 0.5126425908803978 0.27963072746729517 0.010661544351065472 0.009125930967167158
0 0.40336176128197676 0.44951344239456054 0.012438468409576374 0.009125930967167193
0 0.4451194766569832 0.5088319936811471 0.010661544351065401 0.009827925656949218
0 0.45666948303730415 0.5260308635808082 0.010661544351065543 0.009125930967167264
0 0.5166406700120474 0.5527066617925275 0.011550006380320853 0.010529920346731315
0 0.5828310911915788 0.5530576591374186 0.012438468409576443 0.007019946897820901
0 0.7898427440081 0.7359272758256526 0.014215392468087486 0.01193390972629544
0 0.8675831715679523 0.7110064643383884 0.013326930438831824 0.008423936277385025
0 0.8511466240267264 0.6250121148400827 0.010661544351065401 0.011933909726295511
0 0.7654100382035749 0.6509859183620199 0.013326930438831824 0.009125930967167193
0 0.9048985767966815 0.49900406802419783 0.016880778555853765 0.01263590441607768
0 0.9550966814496147 0.45161942646390685 0.0159923165265981 0.013337899105859705
0 0.9715332289908406 0.4080957556974174 0.013326930438831824 0.011933909726295511
0 0.9222235863671628 0.34245925220279205 0.014215392468087203 0.00982792565694929
0 0.9884140075466942 0.45548039725770834 0.011550006380321064 0.008423936277385025
0 0.9488774472448265 0.4968980839548516 0.014215392468087203 0.011231915036513485
0 0.9750870771078624 0.508129998991365 0.016880778555853623 0.01403989379564173
0 0.9311082066597173 0.5597266086903484 0.010661544351065401 0.00772194158760314
0 0.9697563049323297 0.58043545203892 0.009773082321810022 0.009827925656949218
0 0.9573178365227534 0.5516536697578543 0.007996158263298837 0.00701994689782083
0 0.7094369303604812 0.47969921405519034 0.013326930438831824 0.009125930967167122
0 0.6410253541078111 0.42880459904598894 0.009773082321810022 0.008423936277385025
0 0.6605715187514312 0.42073166011349483 0.009773082321810022 0.009125930967167122
0 0.6507984364296212 0.44775845567010536 0.009773082321810022 0.007019946897820901
0 0.3416136502487227 0.5344547998581932 0.007996158263299193 0.007721941587602999
0 0.21722896615295886 0.5074280043015829 0.009773082321810022 0.005615957518256707
0 0.07285388639894735 0.6443169688090902 0.012438468409576374 0.00982792565694929
0 0.0075519272486713725 0.7057415041650228 0.013326930438831834 0.009125930967167193
0 0.12482891511039149 0.7320663050318512 0.009773082321810041 0.008423936277385025
0 0.21900589021146977 0.7387352545847807 0.015103854497342759 0.009125930967167193
0 0.5535118442261487 0.676257727194175 0.012438468409576374 0.010529920346731387
0 0.6472445883125993 0.5755214892104453 0.009773082321810022 0.008423936277385025
0 0.8182735289442746 0.5818394414184841 0.0088846202925545 0.00701994689782083
0 0.8382639246025224 0.5688525396575156 0.007996158263299122 0.0077219415876028565
0 0.817829297929647 0.4825071928143187 0.011550006380320922 0.009125930967167193
0 0.7343138671796341 0.4747852512267157 0.009773082321810022 0.007721941587602999
0 0.504202201602471 0.4245926309072964 0.00977308232180995 0.007019946897820901
0 0.5144195149389087 0.43968551673761136 0.010661544351065472 0.009125930967167193
0 0.535298372626412 0.493388110505941 0.009773082321810022 0.008423936277385025
0 0.685448455570584 0.5541106511720917 0.009773082321810022 0.009125930967167193
0 0.7072157752873426 0.6323830590827946 0.010661544351065543 0.00982792565694936
0 0.49354065725140556 0.5993893086630364 0.011550006380320993 0.011231915036513414
0 0.4415656285399614 0.5874553989367408 0.014215392468087345 0.009827925656949218
0 0.3229559476343581 0.5860514095571767 0.015103854497342724 0.008423936277385025
0 0.5388522207434338 0.6236081254605185 0.00799615826329898 0.006317952208038875
0 0.6121503381570088 0.6246611174951916 0.008884620292554572 0.007019946897820759
0 0.7107696234043643 0.6007932980426005 0.012438468409576303 0.009827925656949218
0 0.720986936740802 0.7454042041377107 0.009773082321810164 0.005615957518256636
0 0.7627446521158086 0.7134634457526258 0.009773082321810164 0.009125930967167193
0 0.9080081938990756 0.6608138440189691 0.010661544351065543 0.010529920346731246
0 0.8911274153432219 0.5902633776958692 0.0088846202925545 0.008423936277385025
0 0.20745588383114885 0.4003738141098144 0.013326930438831788 0.011933909726295511
0 0.0861808168377792 0.44108950611717546 0.012438468409576391 0.010529920346731246
0 0.2367751307965789 0.45021543708434264 0.009773082321810022 0.010529920346731387
0 0.27675592211307437 0.44810945301499644 0.013326930438831788 0.013337899105859563
0 0.5002041224708215 0.35685014334332493 0.012438468409576303 0.010529920346731315
0 0.4784368027540628 0.3228034008888936 0.007996158263299122 0.008423936277385096
0 0.5917157114841335 0.2504979478413385 0.010661544351065472 0.011231915036513414
0 0.6361388129469061 0.28629967702022496 0.010661544351065401 0.00842393627738506
0 0.7223196297846854 0.3045515389545593 0.010661544351065543 0.011231915036513378
0 0.7005523100679266 0.3175384407155279 0.011550006380320922 0.009125930967167158
0 0.6841157625267007 0.31824043540531 0.0088846202925545 0.009125930967167158
0 0.5312865070093459 0.7772585669781931 0.025627920560747627 0.021806853582554596
0 0.9521758177570095 0.8208722741433021 0.019713785046728986 0.015576323987538956
0 0.621969918224299 0.8224299065420562 0.01774240654205606 0.024922118380062416
0 0.5115727219626168 0.9010903426791276 0.01774240654205606 0.014018691588785118
0 0.2996495327102804 0.9112149532710282 0.01577102803738317 0.012461059190031137
0 0.28486419392523366 0.21728971962616822 0.021685163551401807 0.023364485981308435
0 0.8526212032710281 0.03582554517133956 0.03745619158878497 0.03738317757009346
0 0.5194582359813085 0.028037383177570093 0.01774240654205606 0.012461059190031149
0 0.013799649532710281 0.010903426791277258 0.027599299065420562 0.021806853582554516
0 0.23262266355140188 0.13239875389408098 0.02365654205607477 0.021806853582554506
0 0.8752920560747662 0.15109034267912771 0.03154205607476641 0.01869158878504672
0 0.8230505257009346 0.16043613707165108 0.021685163551401983 0.015576323987538937
0 0.8693779205607477 0.9205607476635516 0.01971378504672913 0.018691588785046776
0 0.6801255841121496 0.08411214953271028 0.0236565420560747 0.015576323987538948
0 0.7432096962616822 0.012461059190031149 0.019713785046728986 0.012461059190031149
0 0.8181220794392523 0.7788161993769469 0.011828271028037421 0.012461059190031137
