0 0.7028180574555404 0.5034199726402189 0.04054719562243491 0.03830369357045143
0 0.7332284541723666 0.34952120383036944 0.060820793433652515 0.08618331053351574
0 0.5479502963976288 0.04514363885088919 0.08672594619243043 0.07660738714090287
0 0.4212403100775194 0.7763337893296854 0.06757865937072509 0.08344733242134054
0 0.9871295029639764 0.8590971272229823 0.02574099407204727 0.03830369357045143
0 0.7675809393524853 0.7852257181942544 0.0326630186958505 0.04651162790697669
0 0.7444915640674874 0.8467852257181943 0.033789329685362475 0.02735978112175104
0 0.9691906064751482 0.7906976744186047 0.030410396716826257 0.04924760601915196
0 0.24835157318741452 0.21545827633378933 0.057441860465116255 0.05882352941176471
0 0.08616279069767442 0.16757865937072505 0.06645234838121293 0.06976744186046512
0 0.08954172366621067 0.5930232558139535 0.050683994528043785 0.053351573187414444
0 0.15655722754217968 0.7366621067031464 0.05181030551755587 0.06429548563611491
0 0.16218878248974009 0.8761969904240766 0.045052439580483356 0.06155950752393977
0 0.1582466940264478 0.8153214774281805 0.03716826265389876 0.05198358413132695
0 0.3198723210214318 0.8098495212038305 0.03604195166438668 0.04103967168262656
0 0.5147241222070223 0.4227086183310533 0.036041951664386646 0.04377564979480162
0 0.6515709074327405 0.5465116279069767 0.0416735066119471 0.050615595075239384
0 0.977637938896489 0.3180574555403557 0.042799817601459296 0.04787961696306432
0 0.9196329229366165 0.5266757865937072 0.03942088463292293 0.05471956224350201
0 0.0456155950752394 0.5 0.05068399452804377 0.05882352941176478
0 0.2601778385772914 0.36730506155950754 0.04054719562243499 0.050615595075239384
0 0.4032193342453261 0.40492476060191523 0.040547195622435056 0.04103967168262656
0 0.4578454172366621 0.06497948016415869 0.03716826265389876 0.04240766073871409
0 0.6954970360237118 0.4398084815321478 0.021399908800729717 0.03693570451436393
0 0.5203556771545828 0.619015047879617 0.029284085727314207 0.0341997264021888
0 0.5079662562699498 0.6880984952120383 0.036041951664386646 0.04103967168262656
0 0.5006452348381213 0.880984952120383 0.030410396716826257 0.03830369357045129
0 0.3063565891472868 0.9069767441860467 0.038294573643410885 0.04103967168262656
0 0.2308937528499772 0.8837209302325582 0.029284085727314172 0.038303693570451575
0 0.3598563611491109 0.5424076607387142 0.028157774737802087 0.045143638850889116
0 0.3362038303693571 0.3166894664842681 0.046178750569995444 0.06155950752393988
0 0.5693502051983584 0.34883720930232553 0.03716826265389869 0.04377564979480162
0 0.926390788873689 0.13201094391244872 0.025905152758777916 0.039671682626538994
0 0.8954172366621067 0.08344733242134064 0.024778841769265796 0.038303693570451436
0 0.8402279981760147 0.12790697674418605 0.027031463748290036 0.03419972640218878
0 0.7337916096671226 0.07797537619699042 0.03942088463292293 0.043775649794801634
0 0.38407204742362067 0.1484268125854993 0.024778841769265866 0.03419972640218878
0 0.7709598723210215 0.9411764705882354 0.04167350661194717 0.051983584131327094
0 0.5175398996808026 0.9760601915184678 0.03942088463292301 0.04240766073871413
0 0.9359644322845417 0.9199726402188783 0.033789329685362475 0.04514363885088926
0 0.871764705882353 0.4432284541723666 0.024778841769265796 0.04924760601915182
0 0.2720041039671683 0.46716826265389877 0.03491564067487463 0.04787961696306425
0 0.2855198358413133 0.6764705882352942 0.02815777473780212 0.03419972640218887
0 0.31029867761057905 0.5950752393980848 0.02590515275877788 0.0383036935704515
0 0.43081395348837215 0.4801641586867305 0.02365253077975382 0.03283173734610124
0 0.6532603739170088 0.1792065663474692 0.031536707706338374 0.03556771545827633
