0 0.754083308995327 0.9174454828660435 0.07626435942367607 0.059190031152648
0 0.8708144713785047 0.7827102803738317 0.05447454244548297 0.0545171339563862
0 0.8669234326323988 0.5856697819314641 0.02801547897196258 0.03738317757009348
0 0.5120606989875389 0.7352024922118381 0.04046680295950154 0.03738317757009341
0 0.35875377239096573 0.7686915887850466 0.051361711448598156 0.05451713395638635
0 0.2443572332554517 0.8403426791277259 0.052918126947040456 0.045171339563862885
0 0.08871568341121495 0.8691588785046729 0.04357963395638629 0.031152647975077913
0 0.13618635611370716 0.911214953271028 0.026459063473520245 0.021806853582554454
0 0.1774313668224299 0.9291277258566979 0.03735397196261683 0.026479750778816254
0 0.04980529595015576 0.5327102803738317 0.03112830996884735 0.03738317757009348
0 0.39766415985202486 0.15031152647975077 0.029571894470404984 0.03582554517133957
0 0.5976635514018692 0.1954828660436137 0.031128309968847318 0.029595015576324
0 0.7416319850077882 0.20794392523364486 0.04202321845794387 0.038940809968847356
0 0.877040133372274 0.13629283489096572 0.04513604945482854 0.035825545171339554
0 0.9190633518302181 0.21339563862928349 0.035797556464174395 0.03426791277258566
0 0.6591419635903426 0.17367601246105915 0.029571894470404914 0.029595015576323984
0 0.4957183362538941 0.32009345794392524 0.04513604945482868 0.04517133956386292
0 0.5649788259345795 0.3971962616822429 0.03424114096573206 0.03115264797507784
0 0.42879246982087227 0.3948598130841121 0.0389103874610592 0.03894080996884732
0 0.3898820823598131 0.41666666666666663 0.032684725467289726 0.03271028037383175
0 0.15797617309190032 0.27180685358255446 0.032684725467289726 0.02647975077881618
0 0.14007739485981308 0.4182242990654206 0.034241140965732095 0.026479750778816254
0 0.045914257204049846 0.3839563862928349 0.02645906347352025 0.020249221183800615
0 0.22101100077881622 0.5475077881619937 0.02801547897196265 0.023364485981308362
0 0.15953258859034267 0.5155763239875389 0.05136171144859812 0.03426791277258566
0 0.13618635611370716 0.7889408099688474 0.023346232476635524 0.026479750778816254
0 0.29104969820872273 0.44548286604361365 0.04046680295950157 0.024922118380062343
0 0.4856016355140187 0.41744548286604355 0.04046680295950147 0.0404984423676013
0 0.5369633469626167 0.42912772585669784 0.040466802959501606 0.04205607476635514
0 0.6241226148753894 0.44704049844236754 0.034241140965731984 0.028037383177570093
0 0.7486358547507789 0.40498442367601245 0.028015478971962722 0.03115264797507784
0 0.7120600905373832 0.40109034267912774 0.029571894470404914 0.03271028037383182
0 0.6980523510514018 0.31230529595015577 0.032684725467289864 0.03894080996884739
0 0.8303476684190031 0.9190031152647975 0.045136049454828825 0.03426791277258559
0 0.8498028621495328 0.9727414330218067 0.043579633956386345 0.03894080996884739
0 0.5595313716900311 0.868380062305296 0.03579755646417453 0.026479750778816112
0 0.5704262801791278 0.7881619937694705 0.04202321845794394 0.03426791277258573
0 0.3649794343847352 0.6814641744548287 0.0389103874610592 0.04205607476635521
0 0.31906517718068533 0.4392523364485982 0.031128309968847353 0.0404984423676013
0 0.44980407904984426 0.5615264797507789 0.02801547897196258 0.0358255451713395
0 0.3105048919392523 0.27492211838006225 0.03891038746105917 0.026479750778816216
0 0.15097230334890965 0.11137071651090341 0.021789816978193138 0.04205607476635514
0 0.21011609228971967 0.14875389408099687 0.043579633956386275 0.038940809968847356
0 0.4933837130062305 0.14641744548286603 0.03424114096573213 0.028037383177570093
0 0.6957177278037382 0.06697819314641745 0.02490264797507791 0.01869158878504673
0 0.6599201713395638 0.6285046728971964 0.03112830996884725 0.042056074766355284
0 0.6723714953271027 0.5794392523364486 0.043579633956386206 0.03738317757009341
0 0.5704262801791278 0.6261682242990655 0.035797556464174464 0.04672897196261687
0 0.5284030617211838 0.471183800623053 0.032684725467289726 0.03582554517133957
0 0.4739285192757009 0.45794392523364486 0.0389103874610592 0.04049844236760123
0 0.2731509199766355 0.867601246105919 0.03579755646417443 0.03426791277258573
0 0.13229531736760122 0.6744548286604362 0.034241140965732074 0.03426791277258573
0 0.0809336059190031 0.7414330218068536 0.04980529595015577 0.03738317757009355
0 0.6894920658099687 0.9369158878504673 0.046692464953271014 0.038940809968847245
0 0.19066089855919002 0.2289719626168224 0.02023340147975077 0.024922118380062308
