0 0.4008207934336525 0.6744186046511628 0.04651162790697676 0.057455540355677216
0 0.5041039671682627 0.7948016415868673 0.08071135430916548 0.0711354309165526
0 0.8515731874145007 0.698358413132695 0.050615595075239384 0.05061559507523952
0 0.8618331053351573 0.6381668946648427 0.03830369357045143 0.04514363885088919
0 0.9213406292749658 0.8474692202462382 0.04787961696306425 0.042407660738713986
0 0.7564979480164159 0.4103967168262654 0.08755129958960339 0.09028727770177838
0 0.4398084815321478 0.3030095759233926 0.053351573187414444 0.04787961696306432
0 0.5205198358413132 0.25718194254445964 0.050615595075239314 0.04377564979480166
0 0.5198358413132695 0.38577291381668943 0.04651162790697669 0.05198358413132688
0 0.6046511627906976 0.454172366621067 0.04103967168262656 0.0355677154582763
0 0.19015047879616961 0.2585499316005472 0.05745554035567715 0.05471956224350201
0 0.3816689466484269 0.6019151846785227 0.03283173734610124 0.0383036935704515
0 0.23255813953488375 0.8160054719562243 0.05745554035567715 0.05608755129958965
0 0.08002735978112176 0.7284541723666211 0.042407660738714104 0.045143638850889116
0 0.14021887824897403 0.5800273597811217 0.042407660738714076 0.04924760601915175
0 0.16347469220246238 0.5116279069767442 0.031463748290013686 0.04103967168262656
0 0.07455540355677154 0.4302325581395348 0.03693570451436389 0.03693570451436393
0 0.13269493844049246 0.27428180574555405 0.04377564979480164 0.039671682626538994
0 0.5950752393980848 0.015047879616963064 0.04377564979480162 0.030095759233926128
0 0.874829001367989 0.374829001367989 0.039671682626538994 0.05198358413132695
0 0.9719562243502051 0.29343365253077974 0.03146374829001374 0.04514363885088919
0 0.9733242134062928 0.3447332421340629 0.03419972640218887 0.0355677154582763
0 0.6272229822161423 0.7257181942544461 0.03146374829001381 0.023255813953488344
0 0.738030095759234 0.9110807113543092 0.039671682626538855 0.03283173734610131
0 0.8720930232558141 0.43912448700410395 0.028727770177838608 0.03283173734610124
0 0.6737346101231191 0.32900136798905605 0.045143638850889116 0.04514363885088919
0 0.7777017783857729 0.49794801641586867 0.028727770177838608 0.04103967168262656
0 0.5800273597811217 0.6491108071135432 0.04103967168262649 0.039671682626538994
0 0.5437756497948016 0.5095759233926128 0.03967168262653906 0.036935704514363864
0 0.19357045143638849 0.43707250341997267 0.02325581395348838 0.025991792065663405
0 0.6812585499316006 0.2380300957592339 0.03283173734610116 0.041039671682626525
0 0.45690834473324216 0.25170998632010944 0.03556771545827637 0.04377564979480166
0 0.48358413132694933 0.17373461012311903 0.039671682626538925 0.04924760601915183
0 0.04172366621067031 0.012995896032831737 0.02872777017783858 0.025991792065663474
