0 0.20560747663551404 0.14641744548286606 0.0630841121495327 0.08099688473520249
0 0.5572429906542056 0.24610591900311526 0.0490654205607477 0.07788161993769471
0 0.6483644859813085 0.16355140186915887 0.04906542056074756 0.08411214953271026
0 0.8796728971962616 0.05919003115264797 0.03504672897196258 0.04361370716510904
0 0.8440420560747665 0.1059190031152648 0.026869158878504606 0.04361370716510903
0 0.7558411214953273 0.49688473520249216 0.051401869158878524 0.06853582554517132
0 0.7535046728971964 0.5506230529595015 0.06775700934579433 0.06697819314641748
0 0.7967289719626168 0.8294392523364487 0.028037383177570093 0.051401869158878524
0 0.8422897196261683 0.4766355140186916 0.03504672897196258 0.04984423676012455
0 0.5 0.5498442367601245 0.028037383177570093 0.04049844236760123
0 0.050817757009345786 0.4797507788161994 0.0408878504672897 0.059190031152648
0 0.20327102803738317 0.40732087227414326 0.03738317757009348 0.0358255451713395
0 0.2780373831775701 0.3964174454828661 0.025700934579439227 0.04205607476635514
0 0.38668224299065423 0.3652647975077881 0.023364485981308435 0.03582554517133957
0 0.4667056074766356 0.29439252336448596 0.033878504672897165 0.03426791277258566
0 0.3382009345794393 0.13707165109034267 0.033878504672897165 0.04361370716510903
0 0.26343457943925236 0.061526479750778816 0.02219626168224302 0.023364485981308407
0 0.2628504672897196 0.08878504672897196 0.0233644859813084 0.028037383177570093
0 0.4848130841121495 0.6814641744548285 0.021028037383177604 0.026479750778816112
0 0.9193925233644861 0.780373831775701 0.021028037383177604 0.024922118380062273
0 0.8989485981308412 0.6658878504672897 0.019859813084112263 0.04205607476635521
0 0.8656542056074766 0.8489096573208724 0.030373831775701063 0.028037383177570093
0 0.8592289719626168 0.8714953271028036 0.040887850467289724 0.035825545171339714
0 0.1781542056074766 0.8084112149532711 0.015186915887850497 0.021806853582554596
0 0.04205607476635514 0.9579439252336448 0.03271028037383178 0.03426791277258573
0 0.055490654205607476 0.8940809968847353 0.029205607476635517 0.049844236760124686
0 0.02686915887850467 0.8520249221183801 0.035046728971962614 0.04049844236760123
0 0.15595794392523366 0.3598130841121495 0.024532710280373814 0.043613707165109046
0 0.0905373831775701 0.06542056074766354 0.019859813084112155 0.028037383177570093
0 0.7716121495327103 0.10124610591900311 0.026869158878504606 0.040498442367601244
0 0.8580607476635513 0.24610591900311526 0.04322429906542055 0.04361370716510901
0 0.9369158878504673 0.2383177570093458 0.03738317757009355 0.056074766355140186
0 0.27862149532710284 0.24532710280373832 0.017523364485981324 0.02647975077881618
0 0.31542056074766356 0.25934579439252337 0.018691588785046703 0.038940809968847356
0 0.2394859813084112 0.3465732087227414 0.02102803738317757 0.03271028037383175
0 0.5648364485981309 0.8333333333333333 0.029205607476635507 0.04049844236760123
0 0.4894859813084112 0.4501557632398754 0.021028037383177534 0.04672897196261687
0 0.3574766355140187 0.46261682242990654 0.03271028037383182 0.028037383177570093
0 0.36098130841121495 0.38707165109034264 0.03037383177570092 0.029595015576324
0 0.6448598130841121 0.24454828660436134 0.025700934579439262 0.02180685358255449
0 0.6273364485981309 0.23208722741433022 0.021028037383177604 0.03426791277258566
0 0.6214953271028038 0.2009345794392523 0.023364485981308435 0.040498442367601264
0 0.3294392523364486 0.8551401869158878 0.018691588785046776 0.021806853582554454
0 0.11098130841121495 0.850467289719626 0.02102803738317757 0.03115264797507777
0 0.036214953271028034 0.7313084112149534 0.016355140186915883 0.029595015576324074
0 0.13960280373831777 0.6838006230529595 0.019859813084112138 0.028037383177570093
0 0.1758177570093458 0.7266355140186915 0.03387850467289722 0.026479750778816254
0 0.4310747663551402 0.7017133956386293 0.025700934579439262 0.026479750778816254
0 0.09754672897196262 0.16199376947040497 0.019859813084112155 0.043613707165109046
0 0.4947429906542057 0.08800623052959501 0.02219626168224302 0.042056074766355145
0 0.8545560747663552 0.5404984423676013 0.02453271028037378 0.03426791277258566
