0 0.5422587591544606 0.6524633821571239 0.04523655958721697 0.07190412782956067
0 0.7005867177097203 0.5226364846870838 0.03711717709720375 0.04660452729693738
0 0.6025741719374167 0.0905459387483356 0.047556383155792206 0.05326231691078562
0 0.6820281291611185 0.08455392809587217 0.04407664780292947 0.04660452729693743
0 0.7632219540612516 0.2003994673768309 0.0394370006657789 0.059920106524633816
0 0.6779684379161118 0.22237017310252993 0.024358147470040024 0.03462050599201067
0 0.24822112183754988 0.21837549933422104 0.04871629494007987 0.05059920106524636
0 0.033637441744340885 0.8082556591211718 0.048716294940079896 0.042609853528628464
0 0.0353773094207723 0.970705725699068 0.0498762067243675 0.05858854860186412
0 0.02551805925432756 0.31291611185086554 0.05103611850865512 0.04793608521970711
0 0.580535848035952 0.37083888149134486 0.04291673601864183 0.04660452729693745
0 0.777140895472703 0.05126498002663116 0.04407664780292933 0.041278295605858856
0 0.5642970830559254 0.02330226364846871 0.052196030292942765 0.03861517976031958
0 0.42568762483355527 0.04460719041278296 0.027837882822902813 0.03328894806924101
0 0.44656603695073227 0.18175765645805592 0.03247752996005324 0.02529960053262318
0 0.01333898551930759 0.1577896138482024 0.02667797103861518 0.02796271637816245
0 0.8902322944407456 0.7423435419440746 0.03363744174434089 0.022636484687083964
0 0.9598270014980025 0.7669773635153129 0.026677971038615026 0.037283621837549956
0 0.8658741469707057 0.758988015978695 0.02667797103861517 0.0213049267643143
0 0.9551873543608522 0.9374167776298268 0.024358147470039882 0.029294274300932132
0 0.6681091877496671 0.9447403462050599 0.032477529960053174 0.02796271637816247
0 0.6675292318575233 0.8155792276964047 0.0313176181757656 0.03328894806924112
0 0.4546854194407456 0.8129161118508654 0.027837882822902813 0.02796271637816247
0 0.4645446696071904 0.8781624500665779 0.02667797103861517 0.03062583222370165
0 0.505141582057257 0.7523302263648469 0.028997794607190458 0.0213049267643143
0 0.2041444740346205 0.5825565912117178 0.03015770639147803 0.025299600532623215
0 0.3328946820905459 0.6431424766977364 0.030157706391477995 0.029294274300932132
0 0.9029913240679093 0.21504660452729696 0.028997794607190458 0.030625832223701757
0 0.8072986018641811 0.33422103861517977 0.03711717709720375 0.037283621837549956
0 0.6060539072902796 0.18974700399467376 0.0313176181757656 0.030625832223701722
0 0.5283398177430093 0.16511318242343542 0.01971850033288945 0.018641810918774978
0 0.8971917651464714 0.03462050599201065 0.024358147470040024 0.03728362183754993
0 0.8148380284620506 0.035286284953395475 0.03131761817576575 0.01997336884154461
0 0.7678616011984022 0.1218375499334221 0.025518059254327596 0.0359520639147803
0 0.14904866428095873 0.03328894806924101 0.01739867676431425 0.03195739014647137
0 0.11889095788948069 0.0818908122503329 0.028997794607190402 0.03062583222370173
