0 0.3064295485636115 0.44596443228454175 0.024319805441556496 0.02462380300957598
0 0.23833409332725344 0.11969904240766073 0.03404772761817906 0.04240766073871411
0 0.3039975680194559 0.05540355677154583 0.03647970816233474 0.03419972640218878
0 0.30338957288341695 0.11080711354309165 0.03039975680194555 0.04651162790697674
0 0.1872625018999848 0.16005471956224349 0.02918376652986776 0.03556771545827633
0 0.4000607995136039 0.41450068399452805 0.029183766529867726 0.03283173734610124
0 0.44870041039671693 0.45485636114911077 0.03161574707402338 0.02051983584131328
0 0.5478036175710596 0.493844049247606 0.023103815169478566 0.02462380300957591
0 0.7125702994376047 0.5075239398084815 0.029183766529867653 0.03283173734610124
0 0.8980088159294727 0.4904240766073872 0.0376956984344126 0.04787961696306432
0 0.7709378324973402 0.11354309165526676 0.029183766529867795 0.04377564979480166
0 0.11855905152758779 0.7859097127222983 0.03526371789025687 0.031463748290013596
0 0.04195166438668491 0.27359781121751026 0.02553579571363429 0.0355677154582763
0 0.013983888128894967 0.07797537619699042 0.01823985408116735 0.02188782489740082
0 0.9284085727314184 0.14158686730506156 0.02310381516947871 0.028727770177838573
0 0.4243806049551604 0.2222982216142271 0.03647970816233474 0.031463748290013666
0 0.5253077975376198 0.20930232558139536 0.026751785985712147 0.02735978112175104
