0 0.07482476635514018 0.5373831775700935 0.036580996884735206 0.03426791277258573
0 0.16627725856697814 0.35046728971962615 0.05320872274143301 0.04672897196261687
0 0.10059774143302182 0.19937694704049846 0.05154595015576325 0.031152647975077875
0 0.3932457165109034 0.26401869158878505 0.028267133956386276 0.026479750778816216
0 0.24110202492211838 0.0630841121495327 0.02327881619937699 0.020249221183800615
0 0.9386351246105917 0.33255451713395634 0.05819704049844247 0.03582554517133957
0 0.731619937694704 0.8348909657320871 0.05320872274143312 0.043613707165109046
0 0.5528718847352024 0.4735202492211838 0.041569314641744626 0.031152647975077913
0 0.6202141744548286 0.47741433021806856 0.02327881619937685 0.03582554517133957
0 0.21532904984423673 0.8052959501557632 0.01496495327102803 0.018691588785046776
0 0.37079828660436137 0.807632398753894 0.02327881619937699 0.026479750778816254
0 0.9436234423676012 0.4766355140186916 0.034918224299065485 0.024922118380062343
0 0.5279302959501557 0.3637071651090343 0.024941588785046848 0.023364485981308435
