0 0.39726978611850866 0.9094540612516644 0.052196030292942834 0.05059920106524643
0 0.1960250915446072 0.5206391478029294 0.046396471371504655 0.06391478029294277
0 0.42104797769640484 0.6624500665778962 0.0440766478029294 0.06524633821571235
0 0.30679666694407454 0.7356857523302264 0.04755638315579226 0.05992010652463378
0 0.7063862766311584 0.8189081225033289 0.03711717709720375 0.04793608521970711
0 0.6831880409454061 0.6318242343541943 0.032477529960053174 0.03328894806924097
0 0.6756486143475365 0.669773635153129 0.03363744174434103 0.04527296937416778
0 0.4947023759986685 0.6491344873501997 0.028997794607190385 0.03861517976031955
0 0.909950794773635 0.607190412782956 0.03363744174434103 0.03728362183754982
0 0.8478955143142476 0.7596537949400798 0.02319823568575231 0.025299600532623145
0 0.8652941910785619 0.8468708388814913 0.032477529960053174 0.02929427430093199
0 0.8235373668442076 0.9400798934753662 0.04407664780292947 0.037283621837549956
0 0.8884924267643142 0.21438082556591212 0.041756824234354326 0.06391478029294273
0 0.9412684129494008 0.2563249001331558 0.024358147470039882 0.03328894806924097
0 0.759162262816245 0.15712383488681755 0.035957265312916036 0.03728362183754994
0 0.26793962217043943 0.08921438082556592 0.025518059254327527 0.03462050599201064
0 0.254020680758988 0.11318242343541945 0.03015770639147803 0.03994673768308921
0 0.037697132989347536 0.13515312916111852 0.04059691245006657 0.0359520639147803
0 0.01913854444074567 0.26231691078561914 0.01971850033288948 0.02929427430093206
0 1.2242088673435418 0.3881491344873502 0.14947257822902785 0.20639147802929428
0 1.1302560128162449 0.48801597869507324 0.08683734187749664 0.009320905459387489
0 0.9860030376165113 0.5246338215712384 0.02799392476697733 0.04527296937416778
0 0.33637441744340874 0.2729693741677763 0.02319823568575231 0.03994673768308921
0 0.3885704477363515 0.2769640479360852 0.018558588548601877 0.02663115845539281
0 0.45004577230359516 0.03861517976031958 0.03015770639147803 0.037283621837549935
0 0.5822757157123835 0.06857523302263649 0.03247752996005324 0.02796271637816245
0 0.8171578520306259 0.06258322237017311 0.028997794607190316 0.03195739014647137
0 0.8032389106191744 0.13515312916111852 0.03131761817576575 0.02796271637816247
0 0.43786669856857513 0.7529960053262318 0.03131761817576567 0.04394141145139813
0 0.15716804677097201 0.6711051930758987 0.04523655958721703 0.04527296937416778
0 0.04291673601864181 0.5539280958721704 0.03479735352862849 0.029294274300932132
0 0.010439206058588548 0.7782956058588549 0.020878412117177097 0.043941411451398266
0 0.08815329560585884 0.7143808255659121 0.03479735352862848 0.043941411451398266
0 0.07423435419440745 0.8169107856191744 0.023198235685752334 0.04660452729693745
0 0.08641342792942742 0.9161118508655127 0.028997794607190413 0.042609853528628464
0 0.5306596413115845 0.8195739014647137 0.035957265312916105 0.03861517976031948
0 0.7435034537283621 0.781624500665779 0.02319823568575231 0.037283621837549956
0 0.4715041403129161 0.8062583222370173 0.028997794607190458 0.025299600532623145
0 0.6130133779960053 0.6964047936085219 0.028997794607190458 0.031957390146471455
0 0.562557215379494 0.8874833555259652 0.027837882822902813 0.02796271637816247
0 0.9290893392143807 0.37749667110519314 0.02319823568575231 0.03328894806924104
0 0.983025237183755 0.12183754993342209 0.022038323901464592 0.025299600532623163
0 0.2517008571904128 0.17243675099866843 0.039437000665778967 0.041278295605858835
0 0.20530438581890814 0.11451398135818909 0.02551805925432756 0.031957390146471365
