0 0.6683897975077882 0.381619937694704 0.031795171339563805 0.03426791277258566
0 0.21358060747663551 0.42757009345794394 0.06497274143302181 0.07943925233644862
0 0.5743866822429907 0.383177570093458 0.053913551401869174 0.06230529595015575
0 0.494898753894081 0.4548286604361371 0.016588785046728914 0.03115264797507784
0 0.3691004672897196 0.6292834890965732 0.022118380062305293 0.024922118380062273
0 0.9628407320872276 0.23130841121495327 0.034559968847352 0.04205607476635514
0 0.8121592679127727 0.7180685358255451 0.02903037383177576 0.04672897196261687
0 0.040089563862928355 0.10358255451713395 0.04147196261682243 0.07320872274143303
0 0.17141744548286603 0.9236760124610592 0.016588785046728952 0.021806853582554596
0 0.14722546728971964 0.9470404984423675 0.023500778816199386 0.012461059190031137
0 0.4651771806853583 0.9190031152647975 0.015206386292834892 0.018691588785046776
0 0.4962811526479751 0.9478193146417445 0.019353582554517103 0.020249221183800757
0 0.8826616043613709 0.9462616822429908 0.020735981308411196 0.026479750778816112
0 0.7382009345794392 0.8878504672897196 0.01382398753894094 0.018691588785046634
0 0.783128894080997 0.8224299065420562 0.015206386292834963 0.018691588785046776
0 0.8073208722741433 0.7795950155763239 0.01105919003115261 0.020249221183800757
0 0.8667640186915889 0.7538940809968847 0.019353582554517034 0.018691588785046776
0 0.6455802180685359 0.7009345794392523 0.019353582554517176 0.024922118380062273
0 0.7174649532710281 0.6666666666666665 0.013823987538940798 0.024922118380062416
0 0.5861370716510904 0.6004672897196262 0.02211838006230522 0.020249221183800615
0 0.36357087227414325 0.5366043613707165 0.019353582554517103 0.014018691588785118
0 0.273023753894081 0.6152647975077881 0.02073598130841127 0.021806853582554454
0 0.7064057632398755 0.031931464174454825 0.019353582554517176 0.03582554517133956
0 0.5087227414330219 0.0132398753894081 0.022118380062305362 0.0264797507788162
0 0.7292153426791278 0.09735202492211836 0.023500778816199386 0.020249221183800632
0 0.7229945482866043 0.11993769470404984 0.02488317757009341 0.021806853582554506
0 0.9879867601246106 0.0132398753894081 0.02402647975077883 0.017133956386292833
0 0.9962811526479751 0.6051401869158878 0.007437694704049705 0.04205607476635507
0 0.16243185358255452 0.6129283489096573 0.026265576323987558 0.020249221183800542
0 0.5018107476635514 0.6806853582554517 0.01382398753894094 0.02180685358255469
0 0.6932729750778815 0.5716510903426791 0.015206386292834821 0.009345794392523388
0 0.29790693146417446 0.40809968847352024 0.03179517133956388 0.03738317757009341
0 0.35389408099688474 0.4197819314641744 0.027647975077881595 0.029595015576324
0 0.4313084112149533 0.37928348909657317 0.022118380062305362 0.03894080996884732
0 0.5819898753894082 0.31775700934579443 0.019353582554517103 0.040498442367601264
0 0.8819704049844236 0.36137071651090336 0.016588785046728987 0.024922118380062343
0 0.8909559968847353 0.3091900311526479 0.015206386292834963 0.02024922118380065
0 0.9255159657320873 0.36993769470404986 0.01797118380062301 0.017133956386292865
0 0.6524922118380061 0.2017133956386293 0.022118380062305362 0.02024922118380065
0 0.6137850467289719 0.18613707165109034 0.016588785046728914 0.023364485981308435
0 0.5059579439252337 0.20560747663551404 0.019353582554517103 0.031152647975077875
0 0.2509053738317757 0.16666666666666663 0.02350077881619935 0.028037383177570076
0 0.16035825545171342 0.04984423676012461 0.008294392523364457 0.028037383177570093
0 0.1776382398753894 0.07866043613707165 0.020735981308411196 0.02647975077881621
0 0.27717095015576326 0.05451713395638629 0.023500778816199386 0.021806853582554516
0 0.38707165109034264 0.7850467289719626 0.019353582554517103 0.024922118380062273
0 0.37048286604361375 0.7733644859813085 0.022118380062305362 0.023364485981308292
0 0.45550038940809967 0.7694704049844237 0.01797118380062301 0.024922118380062273
0 0.6172410436137072 0.7757009345794392 0.023500778816199386 0.021806853582554596
0 0.033868769470404986 0.7585669781931463 0.009676791277258569 0.028037383177570093
0 0.0940031152647975 0.5607476635514018 0.011059190031152646 0.018691588785046703
0 0.8653816199376948 0.8364485981308412 0.019353582554517176 0.021806853582554596
0 0.9192951713395638 0.852803738317757 0.01382398753894094 0.026479750778816112
0 0.5508859034267912 0.4524922118380062 0.026265576323987502 0.023364485981308435
0 0.9116919781931463 0.4462616822429906 0.012441588785046776 0.023364485981308435
