0 0.5369640479360853 0.6431424766977364 0.06758988015978694 0.09054593874833543
0 0.8273501997336885 0.5685752330226366 0.04005326231691072 0.05059920106524629
0 0.749121171770972 0.6491344873501999 0.033794940079893504 0.04127829560585887
0 0.802942743009321 0.6651131824234355 0.033794940079893504 0.04660452729693745
0 0.8536351531291612 0.7210386151797604 0.03504660452729695 0.04394141145139798
0 0.7722769640479362 0.75965379494008 0.04005326231691086 0.03861517976031962
0 0.7822902796271639 0.8468708388814915 0.05256990679094543 0.034620505992010636
0 0.7991877496671106 0.8868175765645806 0.03880159786950728 0.037283621837549956
0 0.5995472703062583 0.79693741677763 0.03504660452729688 0.030625832223701792
0 0.588908122503329 0.8695073235685754 0.03629826897470032 0.01864181091877512
0 0.5494806924101199 0.9087882822902797 0.042556591211717745 0.054593874833555274
0 0.45185086551264986 0.8109187749667112 0.06007989347536615 0.0559254327563248
0 0.39177097203728367 0.8661784287616513 0.04005326231691079 0.025299600532623145
0 0.3692410119840213 0.7842876165113184 0.04005326231691086 0.05326231691078562
0 0.5206924101198402 0.4993342210386153 0.027536617842876226 0.026631158455392878
0 0.7904260985352863 0.1278295605858855 0.04631158455392807 0.047936085219707054
0 0.9011984021304928 0.3342210386151798 0.035046604527296805 0.031957390146471344
0 0.3999067909454061 0.27762982689747007 0.028788282290279667 0.0359520639147803
0 0.3604793608521972 0.4034620505992011 0.03754993342210391 0.06125166444740337
0 0.07885486018641812 0.5352862849533956 0.027536617842876164 0.042609853528628464
0 0.06884154460719043 0.8948069241011986 0.05006657789613848 0.05059920106524629
0 0.28537949400798934 0.9027962716378164 0.042556591211717676 0.0426098535286286
0 0.6001731025299601 0.4653794940079894 0.03629826897470032 0.03328894806924104
0 0.735352862849534 0.4460719041278296 0.026284953395472713 0.03994673768308928
0 0.6921704394141145 0.40745672436751007 0.02503328894806927 0.021304926764314232
0 0.6370972037283622 0.4474034620505992 0.03003994673768311 0.031957390146471386
0 0.7059387483355526 0.2669773635153129 0.02753661784287601 0.03861517976031955
0 0.5663781624500666 0.32157123834886825 0.02378162450066583 0.022636484687083857
0 0.5394673768308922 0.2549933422103862 0.0425565912117176 0.04127829560585887
0 0.6696404793608522 0.07390146471371506 0.030039946737683038 0.02796271637816245
0 0.48814913448735026 0.033288948069241014 0.042556591211717745 0.03462050599201065
0 0.3204260985352863 0.057256990679094545 0.045059920106524626 0.034620505992010664
0 0.3729960053262317 0.06191744340878829 0.032543275632490064 0.033288948069241014
0 0.2728628495339548 0.12383488681757658 0.042556591211717676 0.03728362183754992
0 0.3097869507323569 0.24034620505992016 0.028788282290279632 0.02263648468708389
0 0.0682157123834887 0.2749667110519308 0.03880159786950733 0.025299600532623215
0 0.14456724367509988 0.10119840213049269 0.02378162450066579 0.03728362183754994
0 0.08949400798934753 0.033288948069241014 0.018774966711051933 0.023968042609853534
0 0.10826897470039949 0.008655126498002663 0.03629826897470041 0.017310252996005325
0 0.11890812250332891 0.37683089214380827 0.020026631158455394 0.018641810918774978
0 0.026284953395472703 0.40679094540612526 0.030039946737683093 0.03328894806924104
0 0.9756724367509988 0.13715046604527298 0.026284953395472713 0.03728362183754994
0 0.012516644474034621 0.7363515312916112 0.025033288948069242 0.023968042609853482
0 0.074474034620506 0.7063914780292945 0.03129161118508656 0.025299600532623145
0 0.09137150466045274 0.8062583222370175 0.04005326231691078 0.04660452729693731
0 0.2903861517976032 0.6930758988015979 0.03754993342210383 0.03861517976031962
0 0.22029294274300934 0.7643142476697738 0.027536617842876154 0.029294274300932132
0 0.24031957390146474 0.8368841544607192 0.02503328894806927 0.0359520639147803
