0 0.334099980529595 0.7414330218068537 0.03930588006230533 0.06853582554517132
0 0.15774070288161993 0.35280373831775697 0.040340245327102814 0.06697819314641745
0 0.1334331191588785 0.2749221183800623 0.047580802180685354 0.06074766355140184
0 0.5849335572429907 0.09890965732087226 0.040340245327102835 0.07009345794392523
0 0.5776930003894081 0.22274143302180682 0.02379040109034271 0.040498442367601264
0 0.7075058411214954 0.26246105919003115 0.041374610591900306 0.045171339563862885
0 0.712160484813084 0.3598130841121495 0.01965294003115261 0.03426791277258566
0 0.6738889700155763 0.747663551401869 0.03413405373831765 0.049844236760124686
0 0.8000815323208722 0.8465732087227414 0.034134053738317786 0.04205607476635521
0 0.903518058800623 0.8278816199376948 0.04240897585669799 0.06074766355140199
0 0.9733377141744549 0.7788161993769469 0.02689349688473513 0.043613707165109046
0 0.9681658878504673 0.5950155763239875 0.024824766355140183 0.031152647975077913
0 0.5223544587227414 0.792834890965732 0.03309968847352018 0.059190031152647864
0 0.5270091024143302 0.883177570093458 0.025859131619937657 0.021806853582554454
0 0.08068049065420561 0.7912772585669782 0.035168419003115264 0.043613707165109046
0 0.08636949961059191 0.866043613707165 0.03206532320872275 0.043613707165109046
0 0.16084379867601245 0.7328660436137072 0.02379040109034266 0.03582554517133957
0 0.2503163940809969 0.5989096573208722 0.024824766355140183 0.03894080996884739
0 0.1267097449376947 0.6308411214953271 0.02999659267912774 0.04361370716510898
0 0.029996592679127732 0.6705607476635513 0.026893496884735205 0.04828660436137056
0 0.11688327492211836 0.1674454828660436 0.02275603582554515 0.03582554517133957
0 0.134467484423676 0.04205607476635514 0.024824766355140183 0.037383177570093455
0 0.25135075934579443 0.20093457943925233 0.035168419003115264 0.03738317757009348
0 0.34496081580996885 0.3239875389408099 0.019652940031152682 0.031152647975077837
0 0.32013604945482865 0.41900311526479755 0.01965294003115261 0.03426791277258566
0 0.5089077102803738 0.3457943925233644 0.020687305295950153 0.03115264797507784
0 0.4995984228971963 0.6121495327102804 0.039305880062305294 0.0404984423676013
0 0.44736297702492217 0.7266355140186918 0.021721670560747697 0.023364485981308435
0 0.37909486954828664 0.6635514018691588 0.017584209501557594 0.043613707165109046
0 0.28858790887850466 0.9042056074766356 0.022756035825545133 0.04205607476635507
0 0.24617893302180685 0.8115264797507789 0.018618574766355138 0.028037383177570093
0 0.6707858742211837 0.5981308411214953 0.032065323208722844 0.04361370716510898
0 0.7943925233644858 0.5693146417445483 0.01861857476635507 0.035825545171339644
0 0.44167396806853587 0.5 0.016549844236760192 0.015576323987538885
0 0.5052874318535826 0.52803738317757 0.025859131619937727 0.028037383177570093
0 0.4437426985981308 0.5568535825545172 0.024824766355140113 0.023364485981308504
0 0.8823135708722742 0.20249221183800623 0.01861857476635507 0.024922118380062308
0 0.8667980919003117 0.024922118380062298 0.028962227414330216 0.04049844236760124
0 0.7938753407320871 0.1292834890965732 0.025859131619937584 0.02492211838006229
0 0.8916228582554518 0.07476635514018691 0.020687305295950153 0.024922118380062298
0 0.18515138239875392 0.3738317757009345 0.022756035825545168 0.024922118380062343
0 0.37030276479750784 0.03660436137071651 0.028962227414330285 0.04205607476635514
0 0.4463286117601246 0.16433021806853582 0.013446748442367635 0.02647975077881618
0 0.42305539330218067 0.18068535825545168 0.018618574766355138 0.012461059190031171
0 0.48925477024922115 0.6479750778816199 0.01654984423676005 0.012461059190031137
0 0.08585231697819315 0.37305295950155765 0.024824766355140193 0.04517133956386296
0 0.17791082554517135 0.5358255451713395 0.024824766355140183 0.043613707165109046
0 0.18359983450155762 0.024922118380062305 0.01551547897196265 0.018691588785046724
0 0.7457773559190031 0.18847352024922118 0.01861857476635507 0.031152647975077875
0 0.8373186818535827 0.9727414330218069 0.07550866433021809 0.0545171339563862
0 0.9547191394080998 0.8917445482866045 0.0227560358255451 0.026479750778816254
0 0.9897719528816199 0.9813084112149534 0.020456094236760123 0.03738317757009341
0 0.9557535046728972 0.9657320872274144 0.02275603582554524 0.03738317757009341
0 0.023273218457943924 0.26791277258566976 0.021721670560747666 0.028037383177570093
0 0.2151479750778816 0.14174454828660435 0.020687305295950188 0.021806853582554523
0 0.4018509053738317 0.34034267912772587 0.013446748442367564 0.020249221183800615
0 0.5756242698598131 0.633177570093458 0.015515478971962579 0.020249221183800684
0 0.6195847936137072 0.7352024922118381 0.014481113707165108 0.024922118380062416
0 0.4375365070093459 0.9485981308411214 0.014481113707165108 0.021806853582554596
0 0.3692683995327103 0.9135514018691588 0.014481113707165108 0.010903426791277298
0 0.7721536701713396 0.9353582554517134 0.009309287383177605 0.026479750778816254
0 0.649581386292835 0.7889408099688474 0.00827492211837992 0.029595015576323932
0 0.24359301985981308 0.36137071651090336 0.027927862149532672 0.04361370716510898
0 0.8595575350467289 0.0926791277258567 0.02689349688473527 0.02647975077881621
0 0.9676487052180686 0.05140186915887851 0.017584209501557667 0.021806853582554516
0 0.9552363220404985 0.010124610591900311 0.02172167056074784 0.020249221183800622
0 0.9433411214953271 0.6401869158878504 0.016549844236760123 0.028037383177570093
0 0.66819996105919 0.9665109034267912 0.016549844236760123 0.03582554517133957
0 0.1515345112928349 0.8862928348909657 0.011378017912772584 0.015576323987538814
0 0.053786993769470416 0.3161993769470405 0.024824766355140193 0.024922118380062308
0 0.10085061331775699 0.33566978193146413 0.025859131619937692 0.029595015576324
0 0.21928543613707163 0.20716510903426794 0.01654984423676009 0.024922118380062308
0 0.3165157710280374 0.24376947040498442 0.016549844236760192 0.01713395638629283
0 0.40391963590342683 0.57398753894081 0.01551547897196265 0.020249221183800684
0 0.3294453368380062 0.983644859813084 0.021721670560747662 0.03271028037383175
0 0.012412383177570091 0.9820872274143302 0.02482476635514019 0.03582554517133957
0 0.050683897975077885 0.9197819314641745 0.014481113707165108 0.029595015576323932
0 0.01913575739875389 0.7959501557632399 0.011378017912772582 0.031152647975077913
0 0.008792104750778816 0.8429387291643851 0.017584209501557632 0.0503634396371811
0 0.9200679030373832 0.2071651090342679 0.017584209501557525 0.028037383177570093
0 0.7581897390965732 0.441588785046729 0.0227560358255451 0.029595015576324
0 0.6878529010903427 0.4953271028037383 0.010343652647975005 0.012461059190031066
0 0.529595015576324 0.6378504672897196 0.012412383177570091 0.029595015576324
0 0.8823135708722742 0.9299065420560748 0.012412383177570091 0.021806853582554454
0 0.06257909852024922 0.4984423676012461 0.009309287383177569 0.024922118380062273
0 0.1706702686915888 0.4626168224299066 0.014481113707165205 0.018691588785046703
0 0.8616262655763239 0.6253894080996885 0.01448111370716518 0.023364485981308504
0 0.8533513434579442 0.7468847352024922 0.012412383177570091 0.029595015576324078
