0 0.2566259865838087 0.11880905213241641 0.013325981867351117 0.01163843775991019
0 0.37698969377278646 0.10838295163916355 0.01418572263298664 0.012123372666573111
0 0.3617292951827553 0.14935995125218063 0.013755852250168914 0.009698698133258486
0 0.6628534983466084 0.07055802891945546 0.015905204164257752 0.016972721733202346
0 0.7819275943871328 0.05213050246626435 0.015045463398622304 0.010183633039921407
0 0.5949339778613996 0.012608307573236029 0.011606500336079932 0.009698698133258484
0 0.4971384657703552 0.011153502853247255 0.012896111484533321 0.007758958506606786
0 0.1220765567618443 0.16148332391875375 0.010746759570444464 0.0077589585066068344
0 0.7161574258160128 0.1112925610791411 0.013325981867351117 0.011153502853247267
0 0.4425449271524975 0.04146193451968002 0.011176629953262279 0.010183633039921407
0 0.3486182485068131 0.02788375713311814 0.009027278039173296 0.0072740235999438595
0 0.27446560747074644 0.0722553010927757 0.01031688918762665 0.006789088693280929
0 0.2516824771814042 0.08680334829266341 0.011176629953262242 0.006789088693280938
0 0.08725705575360429 0.10595827710584892 0.008167537273537757 0.006304153786617999
0 0.11519863063675985 0.12923515262566931 0.009027278039173296 0.0063041537866180344
