0 0.5082380457380458 0.8196465696465697 0.038565488565488554 0.03846153846153854
0 0.8629028066528066 0.7432432432432432 0.0509615384615384 0.04158004158004161
0 0.8181392931392932 0.9745322245322245 0.044074844074844036 0.0363825363825363
0 0.46278586278586276 0.6029106029106029 0.027546777546777507 0.020790020790020805
0 0.758225051975052 0.4641372141372142 0.020660083160083217 0.013513513513513473
0 0.7451403326403326 0.1366943866943867 0.02203742203742195 0.028066528066528082
0 0.35259875259875256 0.18243243243243243 0.027546777546777576 0.021829521829521817
0 0.42559771309771305 0.22193347193347193 0.05233887733887734 0.025987525987526006
0 0.07713097713097714 0.3341995841995842 0.03581081081081081 0.03222453222453222
0 0.030301455301455303 0.4604989604989605 0.030301455301455303 0.024948024948024995
0 0.15219594594594593 0.12681912681912683 0.026169438669438688 0.020790020790020788
0 0.16734667359667363 0.03898128898128898 0.023414760914760926 0.02182952182952183
0 0.25687370062370063 0.16268191268191268 0.017905405405405438 0.021829521829521817
0 0.34640072765072766 0.6595634095634095 0.02341476091476096 0.017671517671517735
0 0.7224142411642411 0.748960498960499 0.026169438669438706 0.019750519750519828
0 0.8057432432432432 0.8659043659043658 0.01652806652806646 0.014553014553014663
0 0.9111096673596674 0.5987525987525987 0.009641372141372102 0.012474012474012497
0 0.5454261954261954 0.4625779625779626 0.01377338877338886 0.014553014553014592
0 0.39460758835758836 0.5904365904365904 0.017905405405405403 0.01455301455301452
0 0.3684381496881497 0.6787941787941789 0.020660083160083147 0.010395010395010331
0 0.26858108108108103 0.7650727650727651 0.016528066528066532 0.01871101871101885
0 0.06198024948024947 0.5623700623700624 0.016528066528066522 0.010395010395010403
0 0.5468035343035342 0.7032224532224532 0.016528066528066602 0.011434511434511449
0 0.8202053014553015 0.8830561330561331 0.015150727650727731 0.015592515592515496
0 0.11845114345114345 0.10343035343035342 0.022037422037422018 0.013513513513513526
0 0.32298596673596675 0.11174636174636175 0.023414760914760892 0.015592515592515604
0 0.49859667359667353 0.17151767151767153 0.024792099792099904 0.016632016632016616
