0 0.44375 0.2679127725856698 0.019353582554517103 0.03738317757009344
0 0.4057340342679128 0.26557632398753894 0.015206386292834963 0.020249221183800615
0 0.3981308411214954 0.12538940809968846 0.022118380062305293 0.020249221183800615
0 0.30136292834890965 0.24610591900311526 0.016588785046728952 0.024922118380062273
0 0.34145249221183804 0.25311526479750773 0.013823987538940798 0.01401869158878501
0 0.3677180685358256 0.33333333333333326 0.013823987538940798 0.015576323987538956
0 0.3435260903426791 0.33333333333333326 0.012441588785046634 0.015576323987538956
0 0.187315031152648 0.5342679127725856 0.026265576323987537 0.03426791277258566
0 0.24814057632398756 0.5070093457943925 0.01244158878504674 0.020249221183800615
0 0.4637947819314642 0.8979750778816199 0.026265576323987575 0.03894080996884739
0 0.5412091121495327 0.9049844236760124 0.015206386292834892 0.021806853582554596
0 0.4071164330218069 0.9844236760124611 0.03179517133956388 0.031152647975077913
0 0.34490848909657323 0.6557632398753894 0.026265576323987575 0.024922118380062273
0 0.10091510903426791 0.6853582554517134 0.01658878504672897 0.031152647975077913
0 0.24399338006230528 0.8761682242990654 0.017971183800623045 0.017133956386292795
0 0.28477414330218065 0.852803738317757 0.027647975077881633 0.020249221183800615
0 0.32693730529595016 0.8263239875389408 0.015206386292834929 0.017133956386292795
0 0.6801401869158878 0.21806853582554517 0.027647975077881595 0.03426791277258566
0 0.7036409657320871 0.18847352024922118 0.016588785046728987 0.024922118380062308
0 0.7713785046728973 0.21651090342679125 0.02211838006230522 0.021806853582554523
0 0.8308216510903427 0.2803738317757009 0.01382398753894094 0.024922118380062308
0 0.9006327881619939 0.35202492211838005 0.020735981308411196 0.031152647975077913
0 0.9593847352024923 0.2850467289719626 0.019353582554517176 0.021806853582554523
0 0.9842679127725857 0.26557632398753894 0.01658878504672913 0.023364485981308435
0 0.9441783489096574 0.5950155763239875 0.019353582554517176 0.024922118380062273
0 0.6428154205607478 0.6440809968847353 0.022118380062305293 0.02647975077881618
0 0.23086059190031147 0.3169781931464174 0.019353582554517097 0.020249221183800663
0 0.0615167445482866 0.07476635514018691 0.017971183800623056 0.024922118380062298
0 0.31795171339563866 0.09501557632398754 0.016588785046728987 0.015576323987538937
0 0.47900116822429906 0.039719626168224303 0.023500778816199386 0.017133956386292833
0 0.13823987538940813 0.4859813084112149 0.01658878504672897 0.03115264797507784
0 0.8964855919003116 0.82398753894081 0.015206386292835106 0.021806853582554596
0 0.5909754672897196 0.9711838006230531 0.02073598130841127 0.020249221183800473
0 0.23155179127725858 0.5412772585669782 0.015206386292834892 0.014018691588784975
0 0.3020541277258567 0.7289719626168224 0.02073598130841127 0.018691588785046634
0 0.5405179127725858 0.3473520249221184 0.019353582554517103 0.015576323987538885
0 0.5723130841121495 0.41510903426791274 0.016588785046728987 0.023364485981308362
0 0.6518010124610591 0.9174454828660435 0.006911993769470399 0.009345794392523317
0 0.512178738317757 0.8169781931464175 0.01797118380062301 0.017133956386292795
0 0.15551985981308414 0.4205607476635514 0.01520638629283491 0.012461059190031137
0 0.16727024922118383 0.4719626168224299 0.008294392523364493 0.015576323987538956
0 0.7354361370716512 0.47507788161993775 0.016588785046728987 0.015576323987538885
0 0.800408878504673 0.5521806853582555 0.016588785046728987 0.029595015576323932
0 0.8591608255451715 0.4898753894080997 0.012441588785046776 0.023364485981308362
0 0.816997663551402 0.13629283489096572 0.019353582554517176 0.020249221183800615
0 0.9870327102803739 0.15109034267912771 0.016588785046728987 0.02803738317757011
0 0.993516355140187 0.9906542056074766 0.01296728971962608 0.018691588785046776
