0 0.1742601246105919 0.3411214953271028 0.025311526479750768 0.05295950155763243
0 0.2813473520249221 0.29439252336448596 0.033099688473520246 0.0529595015576324
0 0.34462616822429903 0.3115264797507788 0.015576323987538956 0.024922118380062343
0 0.4814057632398754 0.3372274143302181 0.018496884735202456 0.02647975077881618
0 0.49260124610591904 0.37616822429906543 0.01362928348909655 0.026479750778816254
0 0.5359228971962616 0.396417445482866 0.022390965732087195 0.026479750778816254
0 0.5636682242990654 0.37850467289719625 0.01362928348909655 0.028037383177570093
0 0.5792445482866043 0.3052959501557632 0.01362928348909655 0.031152647975077875
0 0.5987149532710281 0.24454828660436134 0.013629283489096693 0.02180685358255449
0 0.5446845794392523 0.44704049844236765 0.014602803738317648 0.021806853582554523
0 0.5076908099688474 0.5257009345794392 0.010708722741432909 0.023364485981308504
0 0.5266744548286604 0.5545171339563862 0.013629283489096622 0.03115264797507784
0 0.5013629283489096 0.5638629283489096 0.01752336448598129 0.031152647975077913
0 0.4171534267912773 0.52803738317757 0.01849688473520253 0.028037383177570093
0 0.3387850467289719 0.6448598130841121 0.011682242990654146 0.03738317757009355
0 0.381619937694704 0.7959501557632399 0.011682242990654217 0.04672897196261687
0 0.4254283489096573 0.7842679127725856 0.023364485981308435 0.023364485981308435
0 0.275506230529595 0.9338006230529595 0.02725856697819321 0.04205607476635521
0 0.23121105919003113 0.8598130841121495 0.020443925233644827 0.04049844236760123
0 0.31834112149532706 0.9182242990654206 0.013629283489096587 0.017133956386292937
0 0.3373247663551402 0.8917445482866043 0.016549844236760123 0.03271028037383175
0 0.9306853582554517 0.38084112149532706 0.023364485981308292 0.03582554517133957
0 0.893204828660436 0.20249221183800623 0.016549844236760123 0.049844236760124616
0 0.749123831775701 0.20015576323987538 0.0184968847352026 0.023364485981308435
0 0.779789719626168 0.22585669781931464 0.017523364485981432 0.024922118380062308
0 0.810942367601246 0.3130841121495327 0.01752336448598129 0.024922118380062273
0 0.7904984423676013 0.36059190031152644 0.019470404984423623 0.023364485981308435
0 0.844528816199377 0.4057632398753894 0.0243380062305296 0.03271028037383182
0 0.7890381619937695 0.5264797507788161 0.022390965732087126 0.03738317757009348
0 0.7403621495327102 0.5116822429906541 0.028232087227414267 0.04205607476635514
0 0.7369548286604362 0.6510903426791276 0.0214174454828661 0.043613707165109046
0 0.7077492211838005 0.6806853582554515 0.02725856697819296 0.05607476635514032
0 0.8552375389408098 0.7749221183800623 0.02044392523364493 0.026479750778816112
0 0.8596183800623052 0.8302180685358256 0.02141744548286596 0.03738317757009355
0 0.8386876947040498 0.8917445482866043 0.018496884735202456 0.020249221183800757
0 0.48432632398753894 0.28115264797507783 0.016549844236760192 0.026479750778816216
0 0.5237538940809968 0.2772585669781931 0.015576323987538956 0.031152647975077875
0 0.4259151090342679 0.2585669781931464 0.018496884735202456 0.024922118380062273
0 0.24824766355140185 0.1658878504672897 0.01752336448598129 0.01713395638629283
0 0.27453271028037385 0.05841121495327102 0.011682242990654181 0.0264797507788162
0 0.32174844236760125 0.031152647975077875 0.010708722741433014 0.012461059190031149
0 0.17426012461059187 0.15109034267912771 0.02141744548286603 0.015576323987538937
0 0.14505451713395637 0.1853582554517134 0.015576323987538956 0.015576323987538956
0 0.24581386292834892 0.3652647975077882 0.01654984423676009 0.023364485981308362
0 0.22634345794392524 0.4813084112149532 0.012655763239875384 0.018691588785046703
0 0.24727414330218067 0.46651090342679125 0.017523364485981324 0.03271028037383175
0 0.48529984423676015 0.4158878504672897 0.01654984423676005 0.028037383177570093
0 0.5159657320872274 0.44704049844236765 0.007788161993769407 0.015576323987538885
0 0.546144859813084 0.4781931464174455 0.01752336448598122 0.015576323987538956
0 0.5729166666666666 0.49221183800623053 0.014602803738317648 0.024922118380062273
0 0.6050428348909657 0.46339563862928346 0.018496884735202456 0.010903426791277227
0 0.6142912772585669 0.3940809968847352 0.013629283489096622 0.0031152647975078197
0 0.6196456386292835 0.37694704049844235 0.01070872274143312 0.031152647975077913
0 0.5977414330218068 0.4026479750778816 0.019470404984423623 0.023364485981308435
0 0.6425233644859812 0.5934579439252335 0.011682242990654146 0.021806853582554523
0 0.5242406542056074 0.6394080996884736 0.01070872274143298 0.020249221183800757
0 0.4891939252336448 0.6401869158878504 0.020443925233644862 0.028037383177570093
0 0.46728971962616817 0.6401869158878504 0.011682242990654146 0.028037383177570093
0 0.535436137071651 0.7352024922118381 0.019470404984423623 0.031152647975077913
0 0.6517718068535825 0.42990654205607476 0.014602803738317788 0.018691588785046776
0 0.5549065420560748 0.04750778816199377 0.015576323987538956 0.017133956386292833
0 0.5845989096573209 0.0264797507788162 0.012655763239875384 0.021806853582554516
0 0.5330023364485982 0.07242990654205608 0.014602803738317788 0.020249221183800622
0 0.5432242990654206 0.14797507788161993 0.019470404984423696 0.02803738317757011
0 0.5850856697819314 0.0926791277258567 0.01362928348909648 0.020249221183800615
0 0.6191588785046729 0.10280373831775699 0.015576323987538956 0.024922118380062308
0 0.6449571651090343 0.09657320872274143 0.008761682242990645 0.01869158878504674
0 0.20589953271028036 0.26246105919003115 0.020443925233644862 0.020249221183800615
0 0.3796728971962617 0.31853582554517135 0.015576323987538956 0.026479750778816216
0 0.45220015576323985 0.43535825545171336 0.02044392523364479 0.03894080996884732
0 0.33294392523364486 0.4626168224299066 0.019470404984423623 0.03426791277258566
0 0.31006619937694707 0.5926791277258566 0.01070872274143305 0.017133956386292795
0 0.3212616822429906 0.7110591900311526 0.015576323987538956 0.023364485981308292
0 0.5933605919003115 0.6892523364485982 0.02823208722741434 0.04205607476635507
0 0.6731892523364487 0.7056074766355142 0.022390965732087126 0.028037383177570093
0 0.6955802180685359 0.9485981308411214 0.014602803738317788 0.024922118380062416
0 0.864485981308411 0.6822429906542056 0.011682242990654146 0.012461059190031137
0 0.8786020249221183 0.750778816199377 0.014602803738317788 0.03115264797507777
0 0.9034267912772586 0.7655763239875389 0.011682242990654288 0.020249221183800615
0 0.9822819314641744 0.5210280373831776 0.01752336448598129 0.023364485981308362
0 0.8391744548286604 0.49610591900311524 0.015576323987538956 0.029595015576323932
0 0.8610786604361371 0.5015576323987538 0.014602803738317788 0.03115264797507784
0 0.8464758566978193 0.5490654205607477 0.014602803738317788 0.023364485981308362
0 0.8182437694704049 0.6020249221183801 0.01070872274143298 0.020249221183800684
0 0.0890771028037383 0.5537383177570093 0.018496884735202484 0.017133956386292865
0 0.10660046728971963 0.5786604361370716 0.01654984423676014 0.029595015576324074
0 0.08420950155763238 0.6869158878504673 0.012655763239875375 0.024922118380062273
0 0.12363707165109034 0.7289719626168224 0.013629283489096568 0.018691588785046634
0 0.06376557632398754 0.7951713395638629 0.014602803738317753 0.026479750778816254
0 0.09978582554517132 0.8933021806853583 0.01460280373831777 0.029595015576323932
0 0.03894080996884735 0.6970404984423675 0.011682242990654209 0.029595015576324074
0 0.03407320872274143 0.4805295950155763 0.011682242990654203 0.020249221183800615
0 0.02433800623052959 0.4626168224299066 0.013629283489096573 0.03426791277258566
0 0.166958722741433 0.3940809968847352 0.020443925233644862 0.031152647975077913
0 0.1927570093457944 0.40109034267912774 0.017523364485981324 0.02647975077881618
0 0.2638239875389408 0.39875389408099693 0.01752336448598129 0.018691588785046703
0 0.2579828660436137 0.43769470404984423 0.01557632398753892 0.015576323987538956
0 0.3582554517133956 0.06775700934579439 0.011682242990654288 0.01713395638629283
0 0.3475467289719626 0.08800623052959501 0.025311526479750768 0.029595015576323984
0 0.4395443925233644 0.18068535825545168 0.012655763239875384 0.01869158878504674
0 0.5198598130841121 0.14174454828660435 0.011682242990654288 0.01869158878504674
0 0.5169392523364486 0.18613707165109034 0.01362928348909648 0.023364485981308435
0 0.5227803738317758 0.220404984423676 0.015576323987538885 0.01713395638629283
0 0.5476051401869159 0.2414330218068536 0.014602803738317648 0.01557632398753892
0 0.4468457943925233 0.24922118380062305 0.01362928348909655 0.012461059190031137
0 0.45804127725856697 0.3200934579439252 0.014602803738317788 0.02647975077881618
0 0.44489875389408096 0.3551401869158879 0.01752336448598129 0.018691588785046703
0 0.44587227414330216 0.3862928348909657 0.01362928348909655 0.018691588785046776
0 0.4702102803738317 0.36993769470404986 0.01752336448598129 0.014018691588785047
0 0.5218068535825544 0.33566978193146413 0.015576323987538956 0.023364485981308362
0 0.5792445482866043 0.27881619937694707 0.013629283489096622 0.012461059190031137
0 0.4517133956386293 0.5225856697819314 0.015576323987538956 0.017133956386292937
0 0.7398753894080997 0.30140186915887845 0.019470404984423765 0.0233644859813084
0 0.6999610591900312 0.3161993769470405 0.015576323987538956 0.028037383177570093
0 0.8128894080996883 0.38084112149532706 0.01362928348909648 0.023364485981308435
0 0.7948792834890966 0.41510903426791274 0.008761682242990645 0.014018691588785047
0 0.7841705607476634 0.43847352024922115 0.012655763239875313 0.026479750778816254
0 0.8099688473520249 0.4711838006230529 0.0214174454828661 0.03582554517133957
0 0.9584306853582555 0.32087227414330216 0.01654984423675998 0.028037383177570093
0 0.31980140186915884 0.9844236760124611 0.020443925233644862 0.031152647975077913
0 0.3373247663551402 0.9369158878504673 0.012655763239875384 0.020249221183800615
