0 0.6595548890630858 0.7957380457380459 0.019563068743396597 0.015592515592515638
0 0.10410347295593196 0.6689189189189189 0.17467025663746974 0.14864864864864863
0 0.23056473876146008 0.40696465696465695 0.039126137486793194 0.03014553014553023
0 0.04401690467264238 0.2505197505197505 0.02934460311509492 0.029106029106029076
0 0.03842745646024334 0.05769230769230769 0.032139327221294436 0.02598752598752599
0 0.37728775433693473 0.10706860706860707 0.02794724106199517 0.020790020790020805
0 0.2592106608500051 0.1366943866943867 0.026549879008895372 0.019750519750519738
0 0.1362428001772264 0.12733887733887733 0.018165706690296855 0.019750519750519738
0 0.030043284141644797 0.4360706860706861 0.02654987900889541 0.028066528066527995
0 0.11178896424798065 0.8944906444906445 0.027947241061995153 0.019750519750519828
0 0.20611090283221428 0.871101871101871 0.02096043079649636 0.024948024948024995
0 0.843307999045704 0.11226611226611227 0.018165706690296872 0.014553014553014556
0 0.9208615929927406 0.1600831600831601 0.01956306874339674 0.01663201663201665
0 0.6721311475409837 0.16683991683991686 0.02794724106199496 0.01975051975051976
0 0.9124774206741421 0.8175675675675678 0.030741965168194697 0.021829521829521782
0 0.929944446337889 0.9417879417879418 0.026549879008895372 0.031185031185031277
0 0.9795507992229304 0.9802494802494803 0.011178896424798097 0.01455301455301452
0 0.40174159026618045 0.5452182952182951 0.020960430796496326 0.013513513513513473
0 0.2843631778058008 0.04209979209979211 0.03213932722129449 0.025987525987525992
0 0.41222180566442856 0.027027027027027025 0.013973620530997622 0.012474012474012475
0 0.6204287515762925 0.3076923076923077 0.02235779284959605 0.020790020790020805
0 0.7364098019835725 0.2520790020790021 0.02794724106199496 0.021829521829521817
0 0.5477659248151051 0.26143451143451146 0.022357792849596193 0.017671517671517697
