0 0.18043341708542712 0.6725293132328308 0.010364321608040222 0.025125628140703498
0 0.23743718592964821 0.9011725293132329 0.018844221105527623 0.026800670016750273
0 0.29302763819095473 0.9195979899497487 0.01507537688442209 0.016750418760469045
0 0.602072864321608 0.43718592964824127 0.009422110552763811 0.02010050251256281
0 0.6557788944723617 0.35343383584589616 0.01130653266331663 0.016750418760469045
0 0.6407035175879396 0.85678391959799 0.007537688442211064 0.018425460636515966
0 0.621859296482412 0.8500837520938024 0.009422110552763811 0.01172529313232829
0 0.4932474874371859 0.8819095477386935 0.0160175879396985 0.018425460636515966
0 0.557788944723618 0.942211055276382 0.011306532663316488 0.01172529313232829
0 0.4296482412060301 0.7328308207705193 0.011306532663316559 0.028475711892797337
0 0.4654522613065326 0.6331658291457286 0.01130653266331663 0.013400335008375279
0 0.6383479899497486 0.3852596314907873 0.010364321608040256 0.020100502512562884
0 0.32647613065326625 0.28391959798994976 0.010364321608040185 0.01507537688442209
0 0.7174937185929647 0.46063651591289784 0.012248743718593004 0.02010050251256274
0 0.5804020100502513 0.271356783919598 0.007537688442211064 0.02010050251256281
0 0.621859296482412 0.04522613065326633 0.007537688442211064 0.016750418760469014
0 0.4692211055276381 0.06867671691792294 0.0037688442211055674 0.01675041876046901
0 0.07302135678391959 0.5552763819095476 0.006595477386934672 0.01172529313232829
0 0.3538002512562814 0.5519262981574539 0.00659547738693469 0.015075376884422127
0 0.37358668341708523 0.6432160804020103 0.006595477386934846 0.013400335008375135
0 0.4447236180904522 0.47068676716917923 0.0075376884422109925 0.016750418760468976
0 0.500785175879397 0.39949748743718594 0.008479899497487366 0.01172529313232829
0 0.5215138190954773 0.5887772194304858 0.008479899497487366 0.015075376884422127
0 0.89839824120603 0.4472361809045226 0.006595477386934619 0.016750418760468976
0 0.8300879396984924 0.6088777219430486 0.00942211055276374 0.02177554438860966
0 0.7316268844221105 0.4782244556113903 0.006595477386934761 0.018425460636515893
0 0.3632223618090451 0.23115577889447236 0.00659547738693469 0.013400335008375244
0 0.2006909547738693 0.35678391959798994 0.0056532663316582795 0.016750418760469045
0 0.31187185929648237 0.1390284757118928 0.00942211055276374 0.01675041876046901
0 0.6209170854271356 0.6072026800670016 0.009422110552763811 0.018425460636515824
0 0.7565954773869344 0.7010050251256281 0.009422110552763882 0.015075376884421985
0 0.75518216080402 0.7144053601340034 0.006595477386934619 0.015075376884421985
0 0.2817211055276381 0.8048576214405361 0.005653266331658244 0.015075376884422127
