0 0.34913344707057253 0.7589880159786949 0.0487162949400799 0.04793608521970711
0 0.026677971038615182 0.929427430093209 0.053355942077230364 0.08788282290279639
0 0.7614820863848203 0.514647137150466 0.04059691245006647 0.05725699067909453
0 0.9482278836551266 0.7709720372836217 0.05915550099866849 0.08788282290279625
0 0.7481431008655126 0.21304926764314247 0.06495505992010664 0.07190412782956056
0 0.762062042276964 0.2802929427430093 0.051036118508655054 0.054593874833555274
0 0.46280480193075896 0.23901464713715048 0.03711717709720375 0.0492676431424767
0 0.4303272719707057 0.06058588548601865 0.034797353528628464 0.03062583222370173
0 0.2905579019640479 0.02130492676431425 0.04523655958721708 0.0426098535286285
0 0.13107003162450068 0.14580559254327563 0.03711717709720373 0.04394141145139814
0 0.10671188415446071 0.06191744340878829 0.032477529960053264 0.04394141145139814
0 0.2673596662782956 0.3202396804260985 0.04059691245006657 0.04394141145139809
0 0.3978497420106524 0.28761651131824234 0.039437000665778967 0.03994673768308921
0 0.30737662283621836 0.32822902796271636 0.03711717709720375 0.04660452729693741
0 0.34449379993342205 0.17376830892143807 0.03479735352862853 0.05193075898801597
0 0.2940376373169108 0.4354194407456724 0.026677971038615203 0.02929427430093206
0 0.22270306258322237 0.39280958721704395 0.027837882822902813 0.04527296937416778
0 0.3120162699733688 0.703728362183755 0.03015770639147803 0.054593874833555274
0 0.16528742926098533 0.5126498002663117 0.03363744174434089 0.03994673768308921
0 0.6582499375832224 0.03062583222370173 0.035957265312916036 0.04527296937416777
0 0.9424283247336885 0.07123834886817576 0.0429167360186419 0.05459387483355527
0 0.8142580725699068 0.3122503328894807 0.03711717709720361 0.04394141145139813
0 0.8067186459720372 0.5252996005326231 0.035957265312916036 0.0412782956058588
0 0.755682527463382 0.47203728362183756 0.03363744174434103 0.02796271637816247
0 0.7516228362183754 0.8541944074567244 0.03015770639147803 0.03062583222370165
0 0.9122706183422105 0.607190412782956 0.028997794607190458 0.03728362183754982
0 0.47440391977363516 0.651797603195739 0.04639647137150469 0.043941411451398196
0 0.6489706433089214 0.8462050599201066 0.028997794607190458 0.03328894806924112
0 0.26329997503328895 0.8821571238348868 0.039437000665778967 0.0359520639147803
0 0.2412616511318242 0.9387483355525965 0.03015770639147803 0.03994673768308928
0 0.19196540029960055 0.974034620505992 0.04059691245006657 0.04926764314247663
0 0.0643751040279627 0.8229027962716379 0.040596912450066566 0.037283621837549956
0 0.1061319282623169 0.27030625832223704 0.0220383239014647 0.02396804260985352
0 0.4923825524300932 0.35685752330226367 0.04059691245006654 0.03994673768308921
0 0.5399389355858853 0.42343541944074575 0.02435814747003995 0.02929427430093206
0 0.7545226156790945 0.6431424766977364 0.024358147470040024 0.026631158455392736
0 0.8270171021970705 0.6398135818908124 0.03711717709720375 0.03595206391478037
0 0.8722536617842875 0.6837549933422105 0.02319823568575231 0.030625832223701792
0 0.9360488099201063 0.4533954727030626 0.034797353528628464 0.0492676431424767
0 0.6721688789946737 0.5339547270306259 0.024358147470039882 0.03462050599201057
0 0.6193928928095872 0.49400798934753665 0.03479735352862853 0.04527296937416778
