0 0.5500146028037384 0.426791277258567 0.051255841121495324 0.03738317757009348
0 0.5766282126168224 0.6845794392523366 0.03351343457943933 0.03894080996884739
0 0.32922021028037385 0.4182242990654206 0.02759929906542055 0.029595015576323932
0 0.1458820093457944 0.16510903426791276 0.03942757009345792 0.03738317757009348
0 0.8289646612149534 0.19314641744548286 0.04139894859813083 0.03738317757009348
0 0.5963419976635514 0.22585669781931464 0.021685163551401983 0.015576323987538956
0 0.46820239485981313 0.278816199376947 0.013799649532710276 0.01869158878504674
0 0.6968823014018691 0.8130841121495327 0.029570677570093268 0.018691588785046634
0 0.7609521028037384 0.9376947040498442 0.023656542056074842 0.021806853582554454
0 0.9679468457943926 0.883956386292835 0.02759929906542055 0.014018691588784975
0 0.9235908294392523 0.8247663551401869 0.02168516355140184 0.017133956386292937
0 0.364705023364486 0.6004672897196262 0.027599299065420625 0.020249221183800615
0 0.36766209112149534 0.617601246105919 0.013799649532710276 0.010903426791277227
0 0.14292494158878508 0.6370716510903427 0.025627920560747662 0.021806853582554596
0 0.7205388434579438 0.7593457943925234 0.021685163551401983 0.020249221183800615
0 0.6466121495327104 0.6884735202492211 0.015771028037383204 0.018691588785046634
0 0.20995181074766356 0.8271028037383178 0.013799649532710312 0.015576323987538956
0 0.4642596378504673 0.8722741433021807 0.01774240654205606 0.024922118380062273
0 0.6623831775700935 0.8356697819314641 0.023656542056074842 0.010903426791277156
0 0.24839369158878505 0.46417445482866043 0.023656542056074804 0.018691588785046776
0 0.355833820093458 0.4657320872274143 0.01774240654205613 0.012461059190031137
0 0.6367552570093459 0.06853582554517133 0.011828271028037421 0.012461059190031145
0 0.9869304906542056 0.018691588785046728 0.026139018691588804 0.018691588785046728
0 0.8575496495327104 0.7001557632398755 0.019713785046728986 0.014018691588785118
0 0.8112222546728972 0.8512461059190031 0.029570677570093552 0.023364485981308435
0 0.2730359228971963 0.0926791277258567 0.013799649532710205 0.01713395638629283
0 0.7698233060747665 0.6588785046728971 0.01774240654205613 0.015576323987538956
0 0.441588785046729 0.07476635514018691 0.01577102803738313 0.012461059190031163
0 0.16263872663551404 0.24922118380062305 0.02168516355140184 0.018691588785046703
0 0.6416837032710281 0.9065420560747662 0.02168516355140184 0.018691588785046776
0 0.593384929906542 0.9353582554517135 0.01182827102803735 0.014018691588785118
0 0.3686477803738317 0.11370716510903428 0.015771028037383204 0.00934579439252337
