0 0.6218211792767195 0.6538987688098495 0.06752253674278301 0.0738714090287278
0 0.9674137991511452 0.7366621067031464 0.06138412431162095 0.06429548563611491
0 0.6543547651618786 0.7544459644322845 0.054018029394226376 0.058823529411764636
0 0.3382265249570311 0.749658002735978 0.04787961696306429 0.04924760601915182
0 0.4800238521168753 0.8563611491108071 0.05647339436669114 0.05471956224350208
0 0.17126170682942227 0.9760601915184679 0.052790346907993974 0.04787961696306425
0 0.22036900627871903 0.4658002735978113 0.03560279210074011 0.03693570451436393
0 0.35357255603493626 0.1436388508891929 0.034375109614507765 0.04377564979480164
0 0.11540215370584729 0.2496580027359781 0.05156266442176156 0.050615595075239384
0 0.14732189834789014 0.0868673050615595 0.03683047458697253 0.0533515731874145
0 0.3222666526360096 0.1826265389876881 0.040513522045669784 0.050615595075239384
0 0.1890631028797923 0.11901504787961698 0.0392858395594374 0.03556771545827633
0 0.5542986425339366 0.40355677154582764 0.03560279210074015 0.04103967168262656
0 0.49107299449296704 0.48358413132694933 0.031919744642042856 0.0341997264021888
0 0.43705496509874064 0.4842681258549932 0.029464379669578093 0.04377564979480162
0 0.5094882317864534 0.6101231190150479 0.031919744642042856 0.041039671682626636
0 0.7513416815742398 0.7127222982216143 0.03928583955943722 0.0355677154582763
0 0.6924129222350837 0.5971272229822161 0.024553649724648352 0.045143638850889116
0 0.8464870742572521 0.32421340629274964 0.04051352204566982 0.04924760601915182
0 0.7869444736749798 0.29343365253077974 0.049107299449296704 0.053351573187414514
0 0.8065873934546984 0.19904240766073872 0.03928583955943736 0.050615595075239384
0 0.6248903854923007 0.28180574555403554 0.04419656950436703 0.03830369357045143
0 0.611385878143744 0.11764705882352942 0.03683047458697253 0.04924760601915183
0 0.6015644182538847 0.4466484268125855 0.027009014697113257 0.028727770177838608
0 0.3161282402048476 0.24965800273597816 0.028236697183345604 0.03146374829001371
0 0.24676417973271597 0.3125854993160055 0.027009014697113153 0.028727770177838573
0 0.08225472657757199 0.6853625170998632 0.03191974464204286 0.02462380300957591
0 0.06322564804096951 0.393296853625171 0.03314742712827529 0.0341997264021888
0 0.14670805710477394 0.4623803009575923 0.03560279210074011 0.03556771545827637
0 0.3867199831632115 0.8392612859097127 0.027009014697113188 0.036935704514363864
0 0.9103265635413379 0.6532147742818057 0.04051352204566982 0.042407660738714055
0 0.778964537514469 0.9493844049247606 0.04051352204566982 0.04651162790697669
0 0.9600477042337506 0.9500683994528043 0.03683047458697246 0.050615595075239384
0 0.7912413623767932 0.7886456908344733 0.030692062155810475 0.04240766073871413
0 0.8127258058858604 0.8276333789329685 0.024553649724648352 0.030095759233926173
0 0.6248903854923006 0.8419972640218879 0.024553649724648352 0.039671682626538994
0 0.5432495001578448 0.7701778385772914 0.02332596723841597 0.03283173734610116
0 0.40267985548423296 0.6046511627906976 0.04419656950436696 0.05745554035567715
0 0.3922445543512575 0.7154582763337893 0.030692062155810475 0.04103967168262642
0 0.29648532042512893 0.8803009575923393 0.02823669718334557 0.036935704514363864
0 0.012276824862324178 0.9274965800273597 0.024553649724648356 0.0355677154582763
0 0.10619453505910414 0.7175102599179206 0.023325967238415936 0.031463748290013596
0 0.10987758251780139 0.40355677154582764 0.03069206215581044 0.03830369357045143
0 0.16205408818267913 0.21409028727770177 0.03683047458697251 0.031463748290013666
0 0.20011224525588406 0.5629274965800274 0.024553649724648352 0.031463748290013596
0 0.1589848819670981 0.9001367989056086 0.02578133221088079 0.030095759233926173
0 0.11969904240766073 0.9411764705882354 0.030692062155810457 0.03830369357045143
0 0.5678031498824931 0.1833105335157319 0.03560279210074008 0.03556771545827633
0 0.7384510154687993 0.06087551299589603 0.03560279210074015 0.03693570451436388
0 0.8820898663579922 0.060191518467852256 0.0331474271282751 0.03283173734610124
0 0.9422463081833805 0.09986320109439123 0.030692062155810475 0.03556771545827633
0 0.8679715177663192 0.43912448700410395 0.0368304745869726 0.04651162790697676
