0 0.34099688473520245 0.3714953271028037 0.018885981308411175 0.023364485981308362
0 0.2916834890965732 0.3255451713395638 0.018885981308411248 0.018691588785046703
0 0.37142429906542046 0.4400311526479751 0.00839376947040499 0.020249221183800615
0 0.43542679127725853 0.4688473520249221 0.014689096573208786 0.018691588785046703
0 0.4307052959501557 0.5669781931464174 0.013639875389408118 0.018691588785046776
0 0.4878878504672898 0.618380062305296 0.014689096573208715 0.018691588785046703
0 0.5151676012461059 0.6183800623052959 0.014689096573208715 0.021806853582554523
0 0.5151676012461058 0.4088785046728972 0.006295327102803796 0.017133956386292865
0 0.8058018691588786 0.46183800623052973 0.012590654205607368 0.0233644859813084
0 0.7795713395638628 0.3411214953271028 0.010492211838006114 0.009345794392523388
0 0.8540660436137071 0.3426791277258567 0.010492211838006256 0.024922118380062273
0 0.9862679127725856 0.46028037383177567 0.008393769470405061 0.020249221183800615
0 0.8750504672897196 0.7484423676012462 0.008393769470405061 0.026479750778816254
0 0.19358130841121493 0.631619937694704 0.007344548286604358 0.020249221183800542
0 0.23135327102803735 0.6440809968847351 0.009442990654205624 0.017133956386292865
0 0.3315538940809969 0.589563862928349 0.01259065420560745 0.020249221183800684
0 0.3630305295950156 0.6386292834890965 0.014689096573208715 0.018691588785046776
0 0.44434517133956386 0.5186915887850465 0.009442990654205554 0.01869158878504679
0 0.3703750778816199 0.2850467289719626 0.006295327102803725 0.012461059190031171
0 0.45431277258566977 0.36993769470404986 0.010492211838006185 0.020249221183800615
0 0.30794641744548285 0.4330218068535825 0.011541433021806888 0.018691588785046703
0 0.4154915887850467 0.5147975077881619 0.008393769470404919 0.020249221183800615
0 0.4920847352024922 0.5350467289719626 0.010492211838006256 0.014018691588784975
0 0.46637881619937693 0.5436137071651089 0.011541433021806853 0.009345794392523317
0 0.9033794392523364 0.9275700934579438 0.010492211838006256 0.020249221183800473
0 0.34676760124610595 0.8753894080996883 0.011541433021806782 0.018691588785046776
0 0.40395015576323984 0.21806853582554517 0.01259065420560752 0.018691588785046703
0 0.2853881619937695 0.03193146417445483 0.01259065420560752 0.017133956386292833
0 0.5786454828660436 0.15654205607476634 0.009442990654205658 0.014018691588785047
0 0.5398242990654205 0.5389408099688473 0.011541433021806853 0.006230529595015568
0 0.5566118380062305 0.6362928348909658 0.009442990654205587 0.023364485981308435
0 0.6148436137071651 0.92601246105919 0.008393769470405061 0.020249221183800615
0 0.6468448598130841 0.9057632398753894 0.011541433021806711 0.014018691588784975
0 0.8587875389408101 0.6752336448598131 0.011541433021806853 0.020249221183800615
0 0.9406267912772586 0.5451713395638629 0.009442990654205658 0.012461059190031137
0 0.8787227414330218 0.5342679127725856 0.011541433021806853 0.015576323987538956
0 0.9301345794392524 0.48676012461059187 0.011541433021806711 0.014018691588785047
0 0.9778741433021807 0.4065420560747664 0.008393769470404919 0.021806853582554523
0 0.128004984423676 0.9213395638629284 0.01259065420560746 0.0171339563862929
0 0.3399476635514019 0.4984423676012461 0.00839376947040499 0.018691588785046634
0 0.4464436137071651 0.4236760124610592 0.011541433021806853 0.021806853582554523
0 0.4144423676012461 0.4439252336448598 0.01259065420560745 0.015576323987538956
0 0.4931339563862928 0.4649532710280374 0.006295327102803725 0.014018691588785047
