0 0.8931464174454828 0.6783489096573209 0.058566978193146324 0.06074766355140184
0 0.7372118380062305 0.9781931464174454 0.03953271028037392 0.043613707165109046
0 0.5278348909657321 0.9540498442367601 0.01903426791277262 0.020249221183800615
0 0.48464174454828657 0.36993769470404986 0.026355140186915947 0.03582554517133957
0 0.5512616822429907 0.49299065420560745 0.027819314641744485 0.029595015576323932
0 0.34481308411214956 0.5389408099688473 0.0336760124610592 0.03738317757009348
0 0.2159657320872274 0.37694704049844235 0.027819314641744555 0.024922118380062343
0 0.5314953271028037 0.7811526479750779 0.02342679127725866 0.014018691588784975
0 0.015373831775700935 0.8862928348909657 0.021962616822429906 0.028037383177570093
0 0.058566978193146414 0.9205607476635516 0.011713395638629285 0.018691588785046776
0 0.07467289719626168 0.8956386292834891 0.014641744548286609 0.015576323987538956
0 0.1383644859813084 0.809190031152648 0.019034267912772566 0.020249221183800615
0 0.20718068535825546 0.7725856697819314 0.01903426791277262 0.024922118380062273
0 0.13470404984423676 0.7686915887850467 0.017570093457943903 0.017133956386292937
0 0.10615264797507788 0.7398753894080997 0.01610591900311526 0.015576323987538956
0 0.24305295950155764 0.9244548286604362 0.01757009345794394 0.014018691588784975
0 0.058566978193146414 0.4587227414330218 0.017570093457943924 0.020249221183800615
0 0.11127725856697818 0.5584112149532711 0.017570093457943924 0.023364485981308362
0 0.34334890965732084 0.632398753894081 0.021962616822429906 0.018691588785046703
0 0.7569781931464175 0.4330218068535825 0.026355140186915805 0.024922118380062343
0 0.8023676012461058 0.5397196261682243 0.017570093457944008 0.02024922118380069
0 0.8221339563862928 0.5085669781931464 0.013177570093457974 0.014018691588785118
0 0.345545171339564 0.21573208722741433 0.02049844236760123 0.0233644859813084
0 0.15520249221183802 0.2858255451713394 0.020498442367601292 0.02024922118380061
0 0.10249221183800622 0.17834890965732086 0.017570093457943924 0.023364485981308435
0 0.10102803738317757 0.1191588785046729 0.020498442367601247 0.020249221183800615
0 0.5571183800623053 0.9579439252336448 0.01610591900311519 0.015576323987538814
0 0.9224299065420561 0.7398753894080997 0.011713395638629293 0.015576323987538956
0 0.9195015576323988 0.6362928348909658 0.023426791277258444 0.020249221183800757
0 0.8850934579439251 0.6191588785046729 0.01610591900311533 0.017133956386292865
0 0.6918224299065421 0.8099688473520249 0.01610591900311533 0.018691588785046776
0 0.7145171339563862 0.7873831775700936 0.01757009345794401 0.020249221183800473
0 0.7489252336448599 0.8123052959501558 0.01610591900311533 0.023364485981308435
0 0.8294548286604362 0.8512461059190031 0.01903426791277255 0.017133956386292795
0 0.07906542056074767 0.49143302180685344 0.017570093457943924 0.017133956386292795
0 0.6281308411214954 0.16199376947040497 0.014641744548286581 0.01869158878504672
0 0.815545171339564 0.042834890965732085 0.02049844236760123 0.014018691588785047
0 0.808956386292835 0.0926791277258567 0.021962616822429906 0.01713395638629283
0 0.006588785046728971 0.19184838648525723 0.013177570093457942 0.022326056459611082
0 0.13543613707165109 0.2632398753894081 0.013177570093457937 0.01557632398753892
0 0.9926947040498442 0.6604361370716509 0.014610591900311505 0.018691588785046776
0 0.31406542056074765 0.20560747663551404 0.01903426791277262 0.012461059190031171
0 0.38873831775700934 0.08177570093457943 0.013177570093457902 0.014018691588785047
0 0.44437694704049846 0.0529595015576324 0.01610591900311526 0.01869158878504673
0 0.6530218068535825 0.33099688473520245 0.01757009345794401 0.017133956386292865
0 0.8953426791277258 0.2071651090342679 0.013177570093457831 0.015576323987538956
0 0.2664797507788162 0.3411214953271028 0.017570093457943903 0.015576323987538956
