0 0.4227086183310533 0.8625170998632009 0.05471956224350201 0.05608755129958965
0 0.7770177838577291 0.5417236662106703 0.04103967168262642 0.041039671682626636
0 0.7065663474692204 0.5177838577291383 0.023255813953488344 0.023255813953488413
0 0.5205198358413132 0.5526675786593707 0.036935704514363864 0.03283173734610124
0 0.5020519835841314 0.6990424076607389 0.057455540355677216 0.06292749658002733
0 0.7038303693570451 0.7366621067031462 0.03419972640218873 0.028727770177838608
0 0.5588235294117647 0.7954856361149112 0.028727770177838608 0.028727770177838608
0 0.5068399452804379 0.7735978112175103 0.025991792065663547 0.023255813953488483
0 0.11080711354309165 0.6114911080711355 0.03556771545827633 0.04103967168262656
0 0.033515731874145006 0.5574555403556772 0.03146374829001368 0.031463748290013666
0 0.21956224350205197 0.5157318741450069 0.02599179206566344 0.030095759233926173
0 0.2619699042407661 0.5136798905608755 0.04514363885088915 0.036935704514363864
0 0.43433652530779754 0.2975376196990424 0.036935704514363864 0.03967168262653896
0 0.3755129958960329 0.05540355677154583 0.08618331053351574 0.07797537619699042
0 0.47811217510259924 0.11149110807113544 0.03693570451436393 0.031463748290013686
0 0.45348837209302323 0.17373461012311903 0.025991792065663474 0.02735978112175104
0 0.3768809849521204 0.19015047879616964 0.025991792065663474 0.01641586867305062
0 0.06566347469220245 0.1689466484268126 0.049247606019151846 0.04514363885088919
0 0.050615595075239404 0.21682626538987687 0.046511627906976744 0.0341997264021888
0 0.07592339261285909 0.2612859097127223 0.04514363885088919 0.030095759233926173
0 0.03488372093023255 0.05745554035567716 0.04787961696306429 0.051983584131326956
0 0.1990424076607387 0.359781121751026 0.028727770177838573 0.030095759233926173
0 0.3146374829001368 0.37414500683994534 0.030095759233926104 0.0341997264021888
0 0.12722298221614228 0.9227086183310533 0.11491108071135431 0.11080711354309174
0 0.6224350205198358 0.30984952120383036 0.019151846785225714 0.028727770177838573
0 0.43365253077975374 0.37209302325581395 0.02735978112175104 0.02462380300957591
