0 0.6477246477246478 0.24584199584199584 0.011088011088011171 0.011434511434511449
0 0.7535227535227534 0.1496881496881497 0.01570801570801578 0.014553014553014556
0 0.8667128667128668 0.14708939708939708 0.012936012936012986 0.013513513513513509
0 0.5520905520905521 0.15488565488565487 0.012012012012012008 0.01247401247401248
0 0.3012243012243012 0.1283783783783784 0.011088011088011065 0.013513513513513509
0 0.08916608916608917 0.5332640332640333 0.010164010164010157 0.010395010395010403
0 0.09471009471009471 0.5764033264033264 0.0064680064680064575 0.015592515592515638
0 0.045738045738045734 0.6195426195426195 0.010164010164010157 0.010395010395010474
0 0.0863940863940864 0.05145530145530145 0.012012012012012026 0.013513513513513518
0 0.6897666897666898 0.29054054054054057 0.010164010164010051 0.013513513513513509
