0 0.400441329179647 0.6277258566978192 0.02206645898234683 0.028037383177570093
0 0.3374870197300104 0.7157320872274144 0.015576323987538956 0.020249221183800473
0 0.37837487019730015 0.8084112149532711 0.016874350986500558 0.021806853582554596
0 0.34527518172377986 0.8208722741433021 0.015576323987538956 0.024922118380062416
0 0.5406282450674974 0.8442367601246106 0.019470404984423623 0.015576323987538956
0 0.6074766355140185 0.9704049844236761 0.01817237798546209 0.024922118380062273
0 0.132398753894081 0.13473520249221185 0.031152647975077895 0.035825545171339554
0 0.11422637590861891 0.1970404984423676 0.015576323987538956 0.020249221183800615
0 0.0415368639667705 0.28348909657320864 0.018172377985462076 0.02492211838006218
0 0.08177570093457945 0.5521806853582555 0.0181723779854621 0.026479750778816254
0 0.09994807892004154 0.6510903426791278 0.0233644859813084 0.024922118380062287
0 0.2693406022845275 0.08566978193146417 0.022066458982346868 0.024922118380062308
0 0.3296988577362409 0.14797507788161993 0.018172377985462163 0.021806853582554523
0 0.3712357217030114 0.10202492211838005 0.01817237798546218 0.017133956386292833
0 0.16484942886812046 0.004672897196261679 0.01817237798546209 0.009345794392523359
0 0.6262980269989616 0.48753894080996885 0.02206645898234683 0.02803738317757002
0 0.7217030114226377 0.5257009345794392 0.015576323987538956 0.02647975077881618
0 0.9806593977154725 0.48598130841121495 0.01427829698857721 0.018691588785046776
0 0.8735721703011423 0.7827102803738317 0.015576323987538956 0.020249221183800615
0 0.39460020768431986 0.2982866043613707 0.010384215991692614 0.014018691588785047
0 0.48611111111111116 0.29595015576323985 0.014278296988577353 0.01869158878504674
0 0.31412253374870197 0.20794392523364486 0.015576323987538956 0.01713395638629283
0 0.535436137071651 0.5654205607476634 0.011682242990654075 0.015576323987538956
0 0.7366303219106958 0.308411214953271 0.011682242990654288 0.01869158878504674
0 0.6542056074766356 0.3263239875389408 0.01817237798546202 0.023364485981308435
0 0.06555036344755971 0.5934579439252335 0.014278296988577362 0.021806853582554523
0 0.8592938733125649 0.9890965732087227 0.01298026998961575 0.021806853582554454
