0 0.3321127385707945 0.6138482023968043 0.047769640479360866 0.05326231691078554
0 0.06369285397248113 0.3462050599201065 0.050044385264092314 0.06924101198402134
0 0.09838271193963603 0.5878828229027963 0.048907012871726586 0.06790945406125175
0 0.1546826453617399 0.6944074567243674 0.03639591655570351 0.04660452729693745
0 0.44357523302263646 0.937416777629827 0.038670661340434974 0.03994673768308914
0 0.4594984465157567 0.900133155792277 0.0318464269862406 0.03994673768308914
0 0.111462494451842 0.9127829560585886 0.038670661340434995 0.041278295605858946
0 0.6187305814469596 0.6458055925432756 0.03867066134043504 0.0426098535286286
0 0.5556064136706613 0.596537949400799 0.021610075454948828 0.03994673768308921
0 0.6483022636484687 0.9094540612516644 0.03184642698624053 0.045272969374167644
0 0.8365373945849979 0.24300932090545938 0.03980803373280068 0.04127829560585887
0 0.8331252774079004 0.5559254327563249 0.06028073679538395 0.07057256990679094
0 0.6960719041278296 0.5246338215712383 0.038670661340434974 0.05326231691078562
0 0.007961606746560143 0.303595206391478 0.015923213493120286 0.05592543275632494
0 0.24737849533954726 0.29627163781624505 0.042082778517532164 0.04394141145139813
0 0.25988959165557035 0.08721704394141146 0.03298379937860631 0.035952063914780306
0 0.22463104749223256 0.7809587217043941 0.03298379937860634 0.0412782956058588
0 0.35599755881047485 0.7876165113182424 0.038670661340434904 0.041278295605858946
0 0.4253772747447847 0.741011984021305 0.03639591655570349 0.043941411451398266
0 0.3412117177097204 0.36284953395472697 0.043220150909897975 0.04127829560585887
0 0.904211051930759 0.9440745672436751 0.038670661340434974 0.03994673768308928
0 0.31448346648912556 0.8488681757656458 0.03525854416333779 0.03861517976031962
0 0.20245228584110073 0.9467376830892144 0.031846426986240566 0.04527296937416778
0 0.44641866400355085 0.08122503328894809 0.028434309809143344 0.03462050599201065
