0 0.2798535111719106 0.6525307797537618 0.029212266301869575 0.0355677154582763
0 0.33535681714546284 0.15389876880984954 0.030380756953944328 0.039671682626539015
0 0.08296283629730962 0.049247606019151846 0.028043775649794787 0.024623803009575923
0 0.05667179662562699 0.23939808481532146 0.019864341085271322 0.03009575923392614
0 0.6894094847241221 0.7099863201094391 0.014021887824897305 0.027359781121751182
0 0.44110522115823075 0.7790697674418604 0.022201322389420852 0.02051983584131321
0 0.4732387140902873 0.9514363885088919 0.02570679434564525 0.039671682626538994
0 0.7542607159142727 0.9623803009575923 0.0338862289101688 0.039671682626538855
0 0.8962323301413587 0.8761969904240766 0.0210328317373461 0.03419972640218873
0 0.8290441176470589 0.6504787961696306 0.015190378476972199 0.02051983584131321
0 0.9108384632922936 0.4555403556771546 0.01051641586867305 0.021887824897400848
0 0.7390703374373004 0.4856361149110807 0.012853397172822696 0.016415868673050654
0 0.7618559051527586 0.07455540355677154 0.016358869129046952 0.017783857729138174
0 0.4259148426812585 0.13543091655266756 0.012853397172822625 0.019151846785225732
0 0.42240937072503415 0.3372093023255814 0.012853397172822625 0.023255813953488344
0 0.8144379844961239 0.7995896032831737 0.016358869129046952 0.025991792065663474
0 0.9155124259005928 0.9411764705882354 0.012853397172822554 0.01367989056087552
0 0.4054662562699498 0.9890560875512995 0.011684906520747803 0.01367989056087552
0 0.13612916096671224 0.6785225718194254 0.012853397172822608 0.019151846785225645
0 0.025122549019607844 0.6675786593707249 0.010516415868673053 0.01367989056087552
0 0.757766187870497 0.3666210670314638 0.012853397172822554 0.016415868673050654
0 0.7022628818969447 0.41792065663474687 0.011684906520747803 0.012311901504788026
0 0.6970046739626082 0.5068399452804377 0.01051641586867305 0.012311901504787883
0 0.8886371409028727 0.15389876880984954 0.01051641586867305 0.012311901504787972
0 0.8576721386228908 0.22982216142270864 0.014021887824897447 0.01641586867305062
0 0.3534684222526219 0.7257181942544461 0.01051641586867305 0.009575923392612963
0 0.48492362061103506 0.8481532147742818 0.011684906520747803 0.021887824897400775
0 0.2547309621523028 0.3084815321477428 0.009347925216598264 0.01778385772913815
