0 0.4170656634746922 0.3071135430916553 0.03796169630642957 0.05882352941176468
0 0.8808139534883721 0.4021887824897401 0.015389876880985014 0.021887824897400848
0 0.9192886456908345 0.43775649794801635 0.01641586867305051 0.024623803009575836
0 0.8387482900136799 0.6135430916552668 0.015389876880985014 0.01778385772913815
0 0.9136456908344732 0.5998632010943912 0.011285909712722173 0.02325581395348827
0 0.5689124487004104 0.16142270861833108 0.01949384404924757 0.024623803009575927
0 0.624829001367989 0.07455540355677154 0.02051983584131321 0.025991792065663474
0 0.795656634746922 0.11149110807113544 0.011285909712722315 0.017783857729138167
0 0.5817780991569055 0.38487292896579817 0.009476928312058135 0.019655851313898437
0 0.5154396009724982 0.3947008546227474 0.012635904416077537 0.018251861934334316
0 0.5773028830095447 0.4908741271228935 0.013162400433414163 0.022463830073026828
0 0.629689236734533 0.551245670444153 0.012635904416077537 0.018251861934334243
0 0.6902362787282381 0.41576069531621 0.012635904416077608 0.01684787255477012
0 0.7018191911096426 0.38803190506981755 0.010529920346731387 0.010529920346731387
0 0.6810225984248481 0.22025517421189852 0.013162400433414092 0.0203578460036805
0 0.6181063243531286 0.39154187851872807 0.010529920346731246 0.016145877864987952
0 0.35907028382353817 0.1862084317574672 0.01684787255477012 0.029483776970847694
0 0.29457452169980874 0.31923642547117287 0.012109408398741018 0.02456981414237301
0 0.012109408398741079 0.19428137068996126 0.024218816797482157 0.03720571855845065
0 0.4072446694098339 0.535801787268947 0.013162400433414092 0.01403989379564173
0 0.3793403804909959 0.5403647527525307 0.012109408398740982 0.014741888485423899
0 0.7123491114563738 0.4775362280170337 0.020006848658789524 0.01965585131389851
0 0.6704926780781169 0.5245698722324337 0.010003424329394762 0.019655851313898437
0 0.667860197991434 0.6754987305355826 0.012109408398740982 0.01684787255477019
0 0.3311659949047001 0.5845904182088022 0.011582912381404426 0.018953856624116413
0 0.25324458433888836 0.6277630916304006 0.011582912381404463 0.01684787255477005
0 0.2843078493617457 0.647418942944299 0.014741888485423828 0.01684787255476998
0 0.21191464697796789 0.670935765051999 0.014215392468087309 0.01754986724455236
0 0.16058128528765273 0.6425049801158244 0.0136888964507507 0.018251861934334243
0 0.042646177404261965 0.647418942944299 0.01474188848542385 0.019655851313898437
0 0.12793853221278564 0.1890164105165956 0.015794880520096973 0.02246383007302679
0 0.8926739973941477 0.2514939379072014 0.015268384502760454 0.019655851313898475
0 0.9941165122703671 0.20270530696734632 0.011766975459265581 0.024569814142373046
0 0.5949404995903197 0.38732991038003545 0.011582912381404355 0.02176183538324473
0 0.1955932704405344 0.45401940590933376 0.012109408398741018 0.02176183538324459
