0 0.5293661650706795 0.47195622435020523 0.040547195622435056 0.04924760601915189
0 0.8757067943456454 0.4842681258549932 0.0349156406748746 0.04651162790697676
0 0.9337118103055175 0.7359781121751027 0.04279981760145915 0.06019151846785221
0 0.46516643866849067 0.8714090287277702 0.05181030551755583 0.04924760601915182
0 0.16725718194254446 0.9233926128590971 0.06194710442316463 0.07387140902872773
0 0.35929320565435474 0.4363885088919289 0.033789329685362544 0.04651162790697669
0 0.6836707706338351 0.3850889192886457 0.06983128134974934 0.09439124487004101
0 0.7658914728682171 0.32831737346101236 0.06082079343365265 0.08207934336525305
0 0.8255859553123576 0.23461012311901505 0.0450524395804834 0.06429548563611491
0 0.7495599635202919 0.09917920656634749 0.055189238486092196 0.07797537619699044
0 0.4910715914272686 0.1969904240766074 0.06532603739170093 0.08481532147742821
0 0.48600319197446423 0.07045143638850888 0.03942088463292286 0.0588235294117647
0 0.5823027815777474 0.04309165526675787 0.07658914728682163 0.08071135430916554
0 0.3226880984952121 0.338577291381669 0.052936616507067914 0.05882352941176468
0 0.15768353853169179 0.35909712722298226 0.06307341541267669 0.08618331053351572
0 0.24159370725034202 0.38235294117647056 0.04167350661194714 0.056087551299589575
0 0.43757181942544465 0.10943912448700412 0.0349156406748746 0.04103967168262656
0 0.36154582763337895 0.2674418604651163 0.036041951664386715 0.04514363885088919
0 0.871201550387597 0.6060191518467852 0.043926128590971274 0.05471956224350208
0 0.7022549019607844 0.6894664842681258 0.048431372549019615 0.06292749658002719
0 0.05575239398084816 0.43296853625170995 0.03942088463292293 0.04787961696306432
0 0.043926128590971274 0.8461012311901505 0.033789329685362524 0.04514363885088926
0 0.3519721842225262 0.8440492476060192 0.03266301869585043 0.04651162790697669
0 0.9792453260373918 0.9705882352941176 0.04150934792521653 0.05882352941176478
0 0.5130346557227543 0.640218878248974 0.05293661650706788 0.057455540355677286
0 0.40378248974008213 0.7325581395348837 0.028157774737802087 0.04787961696306425
0 0.6149658002735978 0.9295485636114911 0.038294573643410816 0.06155950752393977
0 0.845296397628819 0.9487004103967167 0.03716826265389869 0.056087551299589505
0 0.6909917920656636 0.5588235294117647 0.030410396716826396 0.050615595075239384
0 0.9669379844961241 0.5683994528043775 0.03942088463292293 0.05882352941176478
0 0.8616279069767443 0.0478796169630643 0.04279981760145915 0.05745554035567716
0 0.38463520291837666 0.20177838577291382 0.0349156406748746 0.04787961696306432
0 0.2584883720930232 0.6094391244870041 0.02365253077975371 0.036935704514363864
0 0.060257637938896484 0.7161422708618332 0.021399908800729586 0.025991792065663474
0 0.14698358413132695 0.14500683994528046 0.03491564067487458 0.05198358413132697
0 0.2455357957136343 0.29685362517099867 0.029284085727314172 0.04103967168262649
0 0.28946192430460554 0.6326949384404925 0.029284085727314172 0.036935704514363864
0 0.5693502051983584 0.6956224350205198 0.028157774737802156 0.03419972640218873
0 0.8396648426812586 0.8057455540355677 0.025905152758777916 0.038303693570451575
0 0.6954970360237118 0.8262653898768809 0.025905152758777916 0.04103967168262656
0 0.7444915640674875 0.820109439124487 0.0225262197902417 0.036935704514363864
0 0.42743502051983584 0.7674418604651163 0.025905152758777916 0.03283173734610116
