0 0.7298221614227086 0.3378932968536252 0.1409028727770179 0.14500683994528044
0 0.33036935704514364 0.3679890560875513 0.09712722298221607 0.06566347469220248
0 0.15526675786593708 0.801641586867305 0.08891928864569082 0.07387140902872773
0 0.3207934336525308 0.9357045143638851 0.07523939808481533 0.06566347469220248
0 0.493844049247606 0.905608755129959 0.08481532147742811 0.08481532147742826
0 0.8242134062927496 0.8426812585499316 0.03146374829001374 0.04924760601915182
0 0.9651162790697674 0.5170998632010944 0.05061559507523952 0.04651162790697676
0 0.7797537619699042 0.03761969904240767 0.05745554035567707 0.0560875512995896
0 0.3447332421340629 0.010259917920656631 0.05198358413132698 0.020519835841313262
0 0.5622435020519836 0.34746922024623805 0.04651162790697683 0.05471956224350208
0 0.5745554035567716 0.47469220246238025 0.04377564979480162 0.04924760601915189
0 0.7633378932968536 0.44391244870041036 0.05471956224350208 0.05882352941176471
0 0.4890560875512996 0.5471956224350205 0.06429548563611483 0.06019151846785228
0 0.33994528043775646 0.6668946648426812 0.04514363885088919 0.04240766073871413
0 0.14979480164158687 0.14227086183310533 0.053351573187414514 0.04651162790697674
0 0.7838577291381668 0.6607387140902873 0.03009575923392603 0.04377564979480155
0 0.911764705882353 0.1354309165526676 0.028727770177838608 0.03283173734610124
