0 0.16549844236760122 0.15031152647975077 0.016874350986500475 0.02336448598130839
0 0.409527518172378 0.11604361370716511 0.02206645898234683 0.035825545171339554
0 0.17393561786085152 0.16978193146417442 0.020768431983385228 0.021806853582554506
0 0.3835669781931464 0.14641744548286603 0.016874350986500558 0.024922118380062308
0 0.3361889927310488 0.17289719626168223 0.023364485981308435 0.02803738317757011
0 0.3089304257528557 0.1690031152647975 0.020768431983385297 0.032710280373831765
0 0.4153686396677051 0.2834890965732087 0.020768431983385297 0.028037383177570093
0 0.4698857736240914 0.24221183800623053 0.015576323987538956 0.017133956386292795
0 0.1440809968847352 0.2772585669781931 0.020768431983385263 0.03738317757009344
0 0.02596053997923157 0.2897196261682243 0.020768431983385252 0.031152647975077913
0 0.03569574247144341 0.3660436137071651 0.019470404984423678 0.028037383177570093
0 0.013629283489096573 0.4112149532710281 0.019470404984423678 0.024922118380062343
0 0.0038940809968847356 0.371754928541332 0.007788161993769471 0.02388368885836499
0 0.10514018691588785 0.5132398753894083 0.038940809968847336 0.048286604361370736
0 0.011682242990654205 0.5578920001924224 0.02336448598130841 0.03790238044715011
0 0.240134994807892 0.5404984423676013 0.0233644859813084 0.028037383177570162
0 0.3121754932502596 0.5475077881619937 0.02206645898234683 0.02647975077881618
0 0.38226895119418486 0.6915887850467288 0.024662512980270036 0.03738317757009341
0 0.5094755970924195 0.7912772585669782 0.024662512980270036 0.03738317757009341
0 0.48611111111111116 0.7951713395638629 0.016874350986500558 0.029595015576323932
0 0.4426272066458982 0.7118380062305295 0.01817237798546209 0.028037383177570093
0 0.3011422637590862 0.8465732087227414 0.031152647975077875 0.04828660436137085
0 0.2128764278296989 0.8878504672897201 0.036344755970924195 0.04361370716510936
0 0.21677050882658355 0.7811526479750779 0.020768431983385263 0.023364485981308435
0 0.6619937694704049 0.5942367601246106 0.02596053997923164 0.03271028037383175
0 0.5536085150571133 0.0864485981308411 0.014278296988577424 0.023364485981308417
0 0.6626427829698858 0.030373831775700934 0.019470404984423623 0.020249221183800622
0 0.7697300103842162 0.035046728971962614 0.01817237798546202 0.02024922118380062
0 0.8151609553478713 0.10358255451713395 0.015576323987538956 0.020249221183800615
0 0.7846573208722744 0.18380062305295947 0.01947040498442363 0.02492211838006228
0 0.7262461059190031 0.29283489096573206 0.016874350986500558 0.031152647975077875
0 0.8145119418483904 0.5848909657320872 0.02206645898234683 0.03271028037383175
0 0.82230010384216 0.7632398753894081 0.016874350986500558 0.024922118380062273
0 0.46988577362409145 0.4984423676012461 0.020768431983385297 0.028037383177570093
0 0.34527518172377986 0.5848909657320872 0.020768431983385228 0.023364485981308435
0 0.9196521287642784 0.12772585669781933 0.016874350986500558 0.021806853582554506
0 0.8943406022845275 0.06775700934579439 0.01817237798546202 0.020249221183800622
0 0.9443146417445483 0.30295950155763235 0.014278296988577495 0.01713395638629283
0 0.9906542056074766 0.4789719626168224 0.018691588785046776 0.03271028037383182
0 0.5360851505711319 0.7211838006230529 0.015576323987538956 0.021806853582554596
0 0.45560747663551404 0.749221183800623 0.015576323987538956 0.028037383177570093
0 0.5315420560747665 0.39797507788161995 0.011682242990654217 0.020249221183800615
0 0.5257009345794392 0.5257009345794392 0.01817237798546209 0.023364485981308504
0 0.48416407061266875 0.5171339563862928 0.01298026998961575 0.015576323987538885
0 0.5802180685358256 0.6051401869158879 0.01817237798546209 0.020249221183800684
0 0.08372274143302182 0.7741433021806853 0.019470404984423668 0.021806853582554454
0 0.2823208722741433 0.8956386292834891 0.011682242990654217 0.015576323987538956
0 0.2875129802699896 0.9228971962616822 0.014278296988577353 0.010903426791277156
0 0.3387850467289719 0.25778816199376947 0.023364485981308362 0.01713395638629283
0 0.6937954309449637 0.20327102803738317 0.016874350986500558 0.020249221183800615
0 0.6652388369678089 0.6908099688473521 0.016874350986500558 0.023364485981308435
0 0.8982346832814122 0.6869158878504673 0.010384215991692685 0.024922118380062273
0 0.6983385254413292 0.4330218068535825 0.010384215991692685 0.018691588785046703
0 0.6438213914849429 0.4439252336448598 0.010384215991692543 0.021806853582554523
0 0.8080218068535825 0.3792834890965732 0.016874350986500412 0.026479750778816178
0 0.8398234683281413 0.3465732087227414 0.01298026998961575 0.014018691588785047
0 0.06944444444444445 0.5233644859813084 0.014278296988577362 0.018691588785046776
0 0.16549844236760122 0.7554517133956387 0.011682242990654181 0.012461059190031279
0 0.9099169262720664 0.6043613707165109 0.007788161993769478 0.021806853582554523
0 0.37253374870197303 0.42757009345794394 0.01817237798546209 0.023364485981308435
0 0.3212616822429906 0.9236760124610592 0.014278296988577353 0.015576323987538956
0 0.6094236760124611 0.850467289719626 0.014278296988577282 0.018691588785046776
0 0.6976895119418484 0.7570093457943925 0.016874350986500558 0.024922118380062273
