0 0.5125574380020343 0.6108071135430916 0.023325967238415898 0.031463748290013666
0 0.7771230137851205 0.6367989056087551 0.022098284752183447 0.028727770177838678
0 0.9539092918025887 0.39740082079343364 0.024553649724648352 0.03146374829001374
0 0.9146234522431513 0.2270861833105335 0.017187554807253633 0.021887824897400848
0 0.22589357746676483 0.37414500683994534 0.02946437966957806 0.03693570451436393
0 0.4266196639657652 0.03283173734610124 0.030692062155810475 0.03556771545827633
0 0.11969904240766073 0.027359781121751022 0.025781332210880768 0.030095759233926128
0 0.15468799326528465 0.16347469220246238 0.0196429197797187 0.02325581395348836
0 0.014118348591672802 0.3207934336525307 0.011049142376091758 0.015047879616963052
0 0.0693640604721316 0.5663474692202463 0.013504507348556594 0.016415868673050654
0 0.04419656950436703 0.46101231190150477 0.014732189834789002 0.016415868673050654
0 0.208706022659511 0.466484268125855 0.017187554807253883 0.01641586867305058
0 0.34620646111754183 0.5444596443228454 0.017187554807253848 0.01367989056087545
0 0.2344873548703918 0.5417236662106703 0.012276824862324176 0.01641586867305058
0 0.20993370514574344 0.6497948016415869 0.012276824862324176 0.01367989056087538
0 0.22589357746676486 0.7647058823529411 0.012276824862324176 0.010943912448700388
0 0.07243326668771265 0.8679890560875512 0.009821459889859323 0.015047879616962944
0 0.06383948928408573 0.9699042407660738 0.00982145988985934 0.01367989056087538
0 0.1657371356413764 0.9822161422708617 0.009821459889859377 0.016415868673050654
0 0.4904591532498509 0.9911080711354309 0.013504507348556558 0.015047879616963087
0 0.9809183064997018 0.9705882352941176 0.024553649724648352 0.03146374829001374
0 0.9440878319127293 0.7633378932968538 0.00982145988985934 0.008207934336525256
0 0.7310849205514048 0.4644322845417237 0.020870602265951135 0.02051983584131328
0 0.5542986425339366 0.1880984952120383 0.015959872321021393 0.02051983584131328
0 0.5518432775614718 0.2564979480164159 0.0135045073485567 0.017783857729138184
0 0.6819776211021081 0.3365253077975376 0.011049142376091795 0.016415868673050654
0 0.6709284787260162 0.4411764705882353 0.011049142376091795 0.015047879616963087
0 0.5058051843277561 0.5383036935704514 0.00982145988985934 0.012311901504787955
0 0.6715423199691325 0.6538987688098495 0.00982145988985934 0.010943912448700388
0 0.32656354133782317 0.6634746922024624 0.009821459889859411 0.010943912448700388
0 0.29218843172331543 0.8125854993160055 0.00736609491739447 0.010943912448700388
0 0.6420779402995546 0.5991792065663475 0.007366094917394435 0.01367989056087552
0 0.7728261250833071 0.5622435020519836 0.013504507348556558 0.01367989056087545
0 0.8096565996702796 0.032147742818057455 0.011049142376091795 0.015047879616963064
0 0.7550247290329369 0.06908344733242133 0.00982145988985934 0.012311901504787963
0 0.352344873548704 0.16142270861833105 0.012276824862324176 0.013679890560875502
0 0.11662983619207967 0.11149110807113544 0.01473218983478903 0.017783857729138167
0 0.15407415202216843 0.07934336525307797 0.011049142376091795 0.01641586867305062
0 0.1362727559717984 0.10601915184678522 0.014732189834788993 0.01504787961696307
0 0.481865375846224 0.14432284541723667 0.0184152372934863 0.01504787961696307
0 0.5874460696622119 0.050615595075239404 0.008593777403626887 0.013679890560875511
0 0.5481602301027746 0.09439124487004104 0.013504507348556558 0.010943912448700405
0 0.45055947244729727 0.6614227086183311 0.00982145988985934 0.017783857729138076
0 0.5352695639973342 0.8830369357045142 0.01473218983478894 0.012311901504787812
0 0.5948121645796064 0.8953488372093023 0.008593777403626887 0.012311901504788097
0 0.8151811708583254 0.7585499316005472 0.012276824862324247 0.015047879616963087
0 0.5923567996071415 0.9917920656634746 0.008593777403626959 0.010943912448700388
0 0.4039075379704654 0.9302325581395349 0.00982145988985934 0.010943912448700388
0 0.04972114069241292 0.6894664842681257 0.011049142376091758 0.016415868673050654
0 0.018415237293486268 0.5109439124487004 0.012276824862324178 0.015047879616963087
0 0.18967694412290853 0.4172366621067032 0.013504507348556594 0.01367989056087552
0 0.2621102108106212 0.27291381668946646 0.008593777403626853 0.012311901504787955
0 0.32963274755340416 0.26402188782489744 0.011049142376091795 0.01641586867305058
0 0.3756708407871199 0.31874145006839943 0.00982145988985934 0.01367989056087552
0 0.7826475849731662 0.738030095759234 0.008593777403626887 0.012311901504788097
