0 0.22804054054054057 0.4537422037422037 0.013253638253638265 0.02182952182952185
0 0.022609147609147607 0.3253638253638254 0.01403326403326403 0.014553014553014556
0 0.17424636174636177 0.13305613305613306 0.0148128898128898 0.016632016632016616
0 0.20699064449064447 0.02442827442827443 0.011694386694386693 0.015592515592515595
0 0.6338357588357588 0.301975051975052 0.015592515592515638 0.021829521829521782
0 0.8556392931392929 0.30665280665280664 0.013253638253638228 0.02079002079002077
0 0.399948024948025 0.19542619542619544 0.012474012474012497 0.020790020790020805
0 0.48336798336798337 0.5623700623700624 0.015592515592515567 0.01871101871101864
0 0.4400987525987526 0.9173596673596675 0.013253638253638228 0.019750519750519686
0 0.47011434511434513 0.893970893970894 0.010914760914760891 0.01455301455301452
0 0.6486486486486486 0.7775467775467777 0.009355509355509354 0.016632016632016616
0 0.9195686070686071 0.9656964656964658 0.013253638253638228 0.024948024948024995
0 0.75 0.9760914760914762 0.010914760914760962 0.016632016632016616
0 0.7928794178794177 0.4625779625779626 0.01091476091476082 0.014553014553014592
0 0.7691008316008316 0.18347193347193347 0.010135135135135016 0.021829521829521817
0 0.9554313929313929 0.19022869022869024 0.0163721413721413 0.01455301455301452
0 0.9671257796257795 0.06496881496881497 0.011694386694386764 0.021829521829521834
0 0.9741500251754158 0.010914760914760915 0.010150362201143395 0.02182952182952183
0 0.056912681912681916 0.35135135135135137 0.015592515592515595 0.020790020790020805
0 0.005847193347193347 0.6547719594594593 0.011694386694386693 0.018483627858627897
0 0.06081081081081081 0.9173596673596675 0.010914760914760908 0.015592515592515638
0 0.01832120582120582 0.7707900207900208 0.008575883575883575 0.017671517671517735
0 0.04638773388773388 0.8134095634095635 0.010135135135135141 0.021829521829521782
0 0.3824064449064448 0.5327442827442828 0.011694386694386693 0.015592515592515638
0 0.435031185031185 0.40696465696465695 0.012474012474012497 0.01975051975051976
0 0.1719074844074844 0.27546777546777546 0.011694386694386693 0.01455301455301452
0 0.17775467775467774 0.34043659043659047 0.010914760914760891 0.02598752598752604
0 0.15397609147609148 0.1678794178794179 0.013253638253638265 0.01975051975051976
0 0.07367463617463617 0.1782744282744283 0.007016632016632025 0.011434511434511414
0 0.2412941787941788 0.17567567567567569 0.008575883575883587 0.016632016632016616
0 0.30171517671517667 0.19646569646569645 0.012474012474012426 0.01663201663201665
0 0.5219594594594594 0.18814968814968813 0.008575883575883552 0.010395010395010366
0 0.8197765072765073 0.17463617463617467 0.011694386694386764 0.014553014553014556
0 0.9534823284823284 0.5878378378378378 0.012474012474012426 0.019750519750519686
0 0.8002858627858628 0.5930353430353431 0.011694386694386764 0.011434511434511449
0 0.5566528066528066 0.6247401247401246 0.006237006237006213 0.020790020790020805
0 0.332510395010395 0.6231808731808732 0.011694386694386693 0.017671517671517804
0 0.420997920997921 0.814968814968815 0.009355509355509354 0.01455301455301452
0 0.5706860706860707 0.9454261954261954 0.012474012474012497 0.00727650727650726
0 0.6677494802494803 0.8466735966735968 0.011694386694386622 0.017671517671517593
0 0.778456340956341 0.8726611226611226 0.007016632016631945 0.013513513513513402
0 0.8474532224532224 0.8061330561330561 0.010914760914760962 0.019750519750519686
0 0.7710498960498959 0.6148648648648648 0.01403326403326389 0.011434511434511449
0 0.8221153846153846 0.6112266112266113 0.010135135135135016 0.016632016632016616
0 0.8579781704781705 0.4235966735966736 0.007016632016631945 0.015592515592515567
0 0.898518711018711 0.3555093555093555 0.010135135135135158 0.01871101871101871
0 0.5293659043659044 0.43139293139293144 0.007796257796257748 0.014553014553014592
0 0.37110187110187115 0.40644490644490644 0.007796257796257819 0.012474012474012497
0 0.3149688149688149 0.4007276507276508 0.014033264033264032 0.015592515592515567
0 0.02066008316008316 0.5 0.010135135135135134 0.01871101871101871
0 0.050675675675675665 0.708939708939709 0.009355509355509363 0.012474012474012426
0 0.044438669438669434 0.6647609147609148 0.009355509355509354 0.013513513513513402
0 0.33562889812889807 0.06600831600831601 0.011694386694386693 0.015592515592515595
0 0.3087318087318087 0.09303534303534304 0.010914760914760926 0.015592515592515604
0 0.7780665280665281 0.02130977130977131 0.00779625779625789 0.015592515592515595
0 0.75 0.09303534303534304 0.009355509355509497 0.015592515592515604
0 0.8443347193347194 0.06860706860706861 0.00779625779625789 0.01871101871101871
0 0.7258392143646049 0.006237006237006237 0.01557728852650726 0.012474012474012475
0 0.7008835758835759 0.8461538461538461 0.00779625779625789 0.012474012474012426
0 0.7422037422037421 0.7858627858627858 0.010914760914760962 0.020790020790020805
0 0.4860966735966736 0.5083160083160084 0.008575883575883552 0.01871101871101864
0 0.4580301455301455 0.974012474012474 0.010135135135135158 0.010395010395010331
0 0.1676195426195426 0.5311850311850311 0.014033264033263998 0.03950103950103944
0 0.25025987525987525 0.6632016632016632 0.010914760914760926 0.014553014553014663
