0 0.6565367002759416 0.03759313701676244 0.014653250020548115 0.012917465582852294
0 0.6611990980097524 0.07733918496400026 0.010656909105853174 0.008942860788128506
0 0.7506727307109776 0.03494340048694658 0.012877098502905825 0.008280426655674548
0 0.8414784770504347 0.09704660040450569 0.01154498486467432 0.0092740778543555
0 0.6916156927493747 0.10135242226545646 0.008436719708800382 0.007949209589447559
0 0.8199426398990229 0.17090800617312266 0.008436719708800666 0.007286775456993624
0 0.9964476969647157 0.2737146783699819 0.007104606070568735 0.009532841187345297
0 0.9402769052192815 0.27623503323330284 0.01376517426172697 0.009274077854355483
0 0.9149667460928802 0.18697203388513123 0.008436719708800382 0.0069555583907666115
0 0.9686953295015565 0.17388895976916552 0.009324795467621669 0.006624341324539635
0 0.9038657991076166 0.06442171938114799 0.009324795467621527 0.009605294920582486
0 0.8687868066341832 0.009108469321242001 0.01021287122644253 0.008280426655674548
0 0.9689173484412618 0.05183547086452266 0.007992681829390023 0.008942860788128506
0 0.970915518898609 0.06624341324539637 0.009324795467621385 0.007949209589447568
0 0.9353924885457654 0.09953072840120804 0.01198902274408482 0.007617992523220583
0 0.9826825227029886 0.12337835716955073 0.007104606070568735 0.0036433877284967942
0 0.9704714810191984 0.016395244778235604 0.009324795467621385 0.006293124258312655
0 0.6776284995479426 0.01937619837427844 0.00976883334703203 0.005630690125858689
0 0.7007184692772911 0.010267729053036438 0.011544984864674177 0.0072867754569936
0 0.9218493332237436 0.10648628679197467 0.007992681829389881 0.005630690125858706
0 0.9535980416015978 0.14490746647430455 0.006660568191158234 0.003643387728496812
0 0.9300640339928387 0.15683128085847592 0.011100946985263675 0.006293124258312695
0 0.9373906590031129 0.17521382803407343 0.00976883334703203 0.007286775456993624
0 0.9391668105207549 0.19392759227589784 0.007104606070568735 0.008280426655674553
0 0.9964476969647157 0.18345802782312937 0.007104606070568735 0.005889453458848521
0 0.8869923596900157 0.20982601145479302 0.008436719708800524 0.0069555583907666115
0 0.8967611930370477 0.2404635900807888 0.007548643949979237 0.008611643721901565
0 0.9578164014559982 0.2813688977598211 0.00976883334703203 0.006955558390766576
0 0.9953376022661894 0.309486121522496 0.009324795467621385 0.006883104657529521
0 0.9775760870897673 0.10102120519922947 0.007548643949979094 0.005961907192085682
0 0.9726916704162514 0.11012967452047145 0.0066605681911580915 0.005630690125858689
0 0.9222933711031541 0.05001377700027426 0.008880757588211026 0.0092740778543555
0 0.8257194686387763 0.000496825599340473 0.0075573165648116 0.000993651198680946
0 0.9888990530147364 0.01573281064578164 0.007992681829389881 0.004968255993404727
0 0.7244744958257553 0.07568309963286535 0.005772492432337231 0.005630690125858689
0 0.7466763897962827 0.09903390280186758 0.007548643949979379 0.004637038927177741
0 0.7004964503375858 0.09737781747073267 0.006660568191158234 0.005961907192085682
0 0.5863787153290752 0.02152910930475382 0.006660568191158234 0.00529947305963171
