0 0.2037902388369678 0.09345794392523363 0.03374870197300105 0.03738317757009346
0 0.5886552440290758 0.24610591900311526 0.027258566978193243 0.03738317757009344
0 0.5172637590861889 0.18380062305295952 0.014278296988577353 0.024922118380062308
0 0.8631879543094497 0.6370716510903427 0.028556593977154706 0.03738317757009348
0 0.9131619937694697 0.67601246105919 0.02466251298026989 0.03738317757009371
0 0.6081256490134994 0.6674454828660435 0.027258566978193174 0.04205607476635507
0 0.6548546209761164 0.632398753894081 0.019470404984423623 0.024922118380062343
0 0.7489615784008308 0.6947040498442368 0.0259605399792315 0.03738317757009341
0 0.7041796469366562 0.7609034267912773 0.019470404984423765 0.023364485981308435
0 0.7379283489096573 0.8146417445482865 0.014278296988577495 0.03426791277258573
0 0.7762201453790238 0.8613707165109035 0.015576323987538956 0.024922118380062273
0 0.8677310488058151 0.9820872274143302 0.016874350986500558 0.029595015576323932
0 0.9566458982346834 0.9369158878504673 0.01817237798546202 0.017133956386292937
0 0.9735202492211837 0.9556074766355142 0.020768431983385228 0.026479750778816112
0 0.9676791277258567 0.985981308411215 0.019470404984423623 0.015576323987538814
0 0.8547507788161994 0.4439252336448598 0.019470404984423623 0.03426791277258566
0 0.9683281412253376 0.425233644859813 0.028556593977154706 0.0404984423676013
0 0.9378245067497404 0.4828660436137072 0.02206645898234683 0.024922118380062343
0 0.8800623052959502 0.46417445482866043 0.018172377985462163 0.024922118380062273
0 0.9430166147455867 0.29595015576323985 0.016874350986500558 0.028037383177570093
0 0.9767653167185878 0.2313084112149533 0.029854620976116308 0.032710280373831786
0 0.76453790238837 0.1869158878504674 0.018172377985462063 0.024922118380062454
0 0.8300882658359293 0.22429906542056074 0.02206645898234683 0.031152647975077875
0 0.975467289719626 0.052180685358255444 0.019470404984423765 0.029595015576323984
0 0.7586967808930426 0.13006230529595014 0.019470404984423623 0.032710280373831765
0 0.7197559709241952 0.07165109034267912 0.029854620976116308 0.031152647975077875
0 0.7541536863966772 0.06230529595015576 0.01817237798546202 0.031152647975077875
0 0.6924974039460021 0.01947040498442367 0.02206645898234683 0.026479750778816195
0 0.3881100726895119 0.6074766355140186 0.023364485981308435 0.018691588785046776
0 0.20833333333333337 0.9680685358255451 0.029854620976116273 0.026479750778816112
0 0.23104880581516096 0.9922118380062305 0.015576323987538956 0.015576323987538956
0 0.06749740394600208 0.911214953271028 0.020768431983385252 0.021806853582554454
0 0.05581516095534788 0.5046728971962616 0.012980269989615776 0.018691588785046634
0 0.3783748701973002 0.36292834890965736 0.02206645898234683 0.021806853582554523
0 0.7755711318795432 0.40498442367601245 0.016874350986500416 0.018691588785046703
0 0.7788161993769471 0.42834890965732086 0.015576323987538956 0.015576323987538956
0 0.7924454828660435 0.3302180685358255 0.014278296988577353 0.01869158878504677
0 0.40822949117341634 0.024922118380062298 0.019470404984423696 0.024922118380062298
0 0.5036344755970924 0.04595015576323988 0.020768431983385297 0.029595015576323987
0 0.5665887850467294 0.028816199376947033 0.011682242990653817 0.01713395638629282
0 0.25700934579439255 0.28348909657320864 0.015576323987538991 0.031152647975077875
0 0.24467808930425755 0.48598130841121495 0.01687435098650049 0.028037383177570093
0 0.34008307372793356 0.4228971962616822 0.015576323987538956 0.017133956386292865
0 0.9151090342679129 0.38006230529595014 0.015576323987538956 0.015576323987538956
0 0.9890965732087227 0.7694704049844237 0.010384215991692543 0.024922118380062273
0 0.5029854620976116 0.6066978193146417 0.011682242990654288 0.017133956386292937
0 0.5315420560747665 0.3862928348909657 0.016874350986500416 0.015576323987538956
0 0.6217549325025961 0.49376947040498437 0.010384215991692685 0.015576323987538885
0 0.2102803738317757 0.35046728971962615 0.010384215991692649 0.015576323987538956
0 0.4549584631360332 0.8598130841121494 0.014278296988577353 0.012461059190031137
