0 0.16559579439252337 0.6230529595015576 0.028387850467289723 0.049844236760124686
0 0.9152453271028037 0.9299065420560748 0.041004672897196316 0.05295950155763236
0 0.6266355140186916 0.49454828660436134 0.018925233644859745 0.029595015576324
0 0.7033878504672896 0.5934579439252335 0.02313084112149525 0.03426791277258566
0 0.6997079439252337 0.6214953271028036 0.026285046728971934 0.021806853582554523
0 0.7412383177570092 0.6783489096573209 0.02313084112149525 0.051401869158878524
0 0.6797313084112149 0.6853582554517134 0.022079439252336498 0.031152647975077913
0 0.06413551401869158 0.9704049844236761 0.02313084112149533 0.028037383177570093
0 0.6297897196261681 0.014018691588785047 0.018925233644859745 0.021806853582554516
0 0.20029205607476633 0.20950155763239878 0.026285046728971934 0.032710280373831786
0 0.7018107476635513 0.49065420560747663 0.011565420560747554 0.028037383177570093
0 0.9299649532710279 0.6394080996884735 0.022079439252336498 0.0358255451713395
