0 0.06629485425655054 0.49247606019151846 0.017187554807253855 0.021887824897400775
0 0.05954260058227225 0.3084815321477428 0.01104914237609175 0.015047879616963087
0 0.20931986390262722 0.2106703146374829 0.015959872321021428 0.01641586867305058
0 0.743361745413729 0.3556771545827634 0.013504507348556558 0.01641586867305058
0 0.7986074572941878 0.2811217510259918 0.013504507348556558 0.017783857729138184
0 0.843417868041671 0.1874145006839945 0.017187554807253775 0.019151846785225714
0 0.9207618646743134 0.20246238030095762 0.014732189834789012 0.01641586867305062
0 0.8624469465782735 0.15595075239398085 0.015959872321021463 0.019151846785225714
0 0.7433617454137288 0.11833105335157318 0.011049142376091795 0.012311901504787955
0 0.5542986425339366 0.2476060191518468 0.011049142376091795 0.01641586867305062
0 0.47265775719948083 0.35841313269493846 0.012276824862324176 0.01367989056087552
0 0.5272896278368234 0.40355677154582764 0.0135045073485567 0.01641586867305058
0 0.376284682030236 0.42818057455540354 0.013504507348556629 0.016415868673050654
0 0.3640078571679119 0.33584131326949385 0.011049142376091723 0.015047879616963087
0 0.4223227752639517 0.060191518467852256 0.012276824862324176 0.01641586867305062
0 0.2375565610859728 0.5588235294117647 0.011049142376091723 0.015047879616963087
0 0.5978813707951874 0.8283173734610123 0.012276824862324176 0.01778385772913822
0 0.5064190255708724 0.8119015047879617 0.013504507348556629 0.015047879616963087
0 0.6040197832263495 0.9261285909712723 0.014732189834789012 0.016415868673050654
0 0.3425234136588445 0.6641586867305063 0.012276824862324176 0.012311901504787812
0 0.3707601108421902 0.6935704514363885 0.009821459889859269 0.016415868673050654
0 0.7286295555789399 0.698358413132695 0.015959872321021463 0.017783857729138076
0 0.7808060612438177 0.9049247606019151 0.031919744642042926 0.03967168262653914
0 0.928741800834824 0.9404924760601915 0.030692062155810475 0.031463748290013596
0 0.9250587533761268 0.8036935704514363 0.01841523729348623 0.017783857729138076
0 0.8863867550598056 0.7708618331053352 0.014732189834789012 0.01778385772913822
0 0.8691992002525518 0.7229822161422709 0.009821459889859198 0.015047879616963087
0 0.8385071380967414 0.7222982216142271 0.014732189834789154 0.01367989056087552
0 0.9606615454768669 0.7086183310533517 0.01841523729348623 0.019151846785225787
0 0.9864428776877477 0.582079343365253 0.013504507348556558 0.025991792065663474
0 0.8268441544775333 0.5512995896032832 0.0135045073485567 0.016415868673050654
0 0.8305272019362306 0.6299589603283173 0.011049142376091795 0.012311901504787955
0 0.8814760251148759 0.3447332421340629 0.014732189834789154 0.019151846785225787
0 0.9631169104493317 0.16484268125854995 0.013504507348556558 0.015047879616963052
0 0.9324248482935212 0.1039671682626539 0.011049142376091795 0.01641586867305062
0 0.614455084359325 0.31600547195622436 0.015959872321021463 0.019151846785225714
0 0.6095443544143955 0.5116279069767442 0.013504507348556558 0.01367989056087545
0 0.25474411589322665 0.49247606019151846 0.011049142376091758 0.010943912448700388
0 0.33577115998456625 0.9774281805745554 0.013504507348556558 0.017783857729138076
0 0.4499456312041811 0.9110807113543092 0.013504507348556629 0.01367989056087552
0 0.5291311515661721 0.884404924760602 0.012276824862324176 0.015047879616963087
0 0.41188747413097615 0.9726402188782489 0.011049142376091795 0.013679890560875662
0 0.7777368550282366 0.993844049247606 0.023325967238415898 0.012311901504787955
0 0.008593777403626924 0.789329685362517 0.012276824862324178 0.01367989056087552
0 0.1442526921323091 0.3228454172366621 0.015959872321021445 0.01915184678522575
0 0.35725560349363356 0.20041039671682626 0.014732189834789012 0.020519835841313245
0 0.41127363288785995 0.2366621067031464 0.014732189834789012 0.01641586867305062
0 0.452400996176646 0.40355677154582764 0.013504507348556629 0.01367989056087552
0 0.29709916166824507 0.4856361149110807 0.012276824862324176 0.016415868673050654
0 0.2786839243747588 0.6409028727770177 0.00982145988985934 0.012311901504787955
0 0.7157388894734996 0.5205198358413132 0.014732189834789154 0.015047879616963087
0 0.7249465081202427 0.5006839945280439 0.011049142376091795 0.008207934336525327
0 0.8323687256655792 0.5875512995896033 0.012276824862324247 0.012311901504787883
0 0.993195131362026 0.4274965800273598 0.012276824862324105 0.012311901504787955
0 0.7808060612438177 0.2127222982216142 0.009821459889859482 0.015047879616963052
0 0.6328703216528113 0.20383036935704513 0.008593777403626887 0.01367989056087552
0 0.614455084359325 0.18057455540355677 0.008593777403626887 0.010943912448700424
0 0.6905713985057349 0.2387140902872777 0.011049142376091795 0.01231190150478799
0 0.8366656143673927 0.2708618331053351 0.011049142376091795 0.013679890560875556
0 0.16757865937072502 0.04172366621067032 0.011049142376091795 0.01778385772913817
0 0.6420779402995546 0.08207934336525308 0.007366094917394435 0.013679890560875511
0 0.3474341436037743 0.13132694938440495 0.012276824862324176 0.013679890560875539
0 0.023939808481532147 0.3734610123119015 0.008593777403626926 0.01641586867305058
0 0.43337191764004346 0.47811217510259924 0.012276824862324176 0.012311901504788026
0 0.6089305131712792 0.5355677154582764 0.012276824862324176 0.012311901504787955
0 0.6715423199691325 0.5170998632010944 0.00982145988985934 0.01367989056087552
0 0.8262303132344172 0.5082079343365252 0.007366094917394577 0.009575923392612823
0 0.8452593917710196 0.5759233926128592 0.011049142376091652 0.010943912448700388
0 0.904801992353292 0.4425444596443229 0.007366094917394577 0.012311901504787955
0 0.9164649759724998 0.46785225718194257 0.008593777403626887 0.016415868673050654
0 0.34620646111754183 0.8891928864569084 0.009821459889859269 0.010943912448700388
0 0.4744992809288294 0.9952120383036935 0.013504507348556629 0.009575923392612823
0 0.8268441544775333 0.926812585499316 0.008593777403626887 0.009575923392612823
0 0.948998561857659 0.8461012311901505 0.012276824862324247 0.015047879616963087
0 0.9925812901189098 0.8125854993160055 0.011049142376091795 0.016415868673050654
