0 0.5792276964047937 0.5692410119840212 0.05104305370616942 0.07856191744340876
0 0.7001775410563694 0.4713715046604527 0.048823790501553506 0.061251664447403514
0 0.7689747003994674 0.5972037283621837 0.07767421216156223 0.07856191744340883
0 0.8250110963160232 0.7776298268974701 0.036617842876165124 0.0719041278295606
0 0.4050155348424323 0.5233022636484687 0.062139369729249834 0.03195739014647131
0 0.5087660896582336 0.8162450066577895 0.041056369285397236 0.042609853528628464
0 0.4776964047936086 0.7523302263648469 0.027740790057700835 0.047936085219706964
0 0.4072347980470484 0.8275632490013316 0.042166000887705266 0.04660452729693745
0 0.07989347536617844 0.6478029294274301 0.051043053706169565 0.057256990679094455
0 0.09431868619618287 0.7183754993342211 0.05104305370616955 0.04660452729693745
0 0.24134487350199738 0.8501997336884155 0.05215268530847759 0.0572569906790946
0 0.27796271637816244 0.7703062583222371 0.02552152685308478 0.03861517976031948
0 0.3889258766089659 0.5938748335552596 0.06324900133155793 0.06391478029294269
0 0.46049711495783396 0.5792276964047935 0.042166000887705266 0.03994673768308921
0 0.2857301375943187 0.02130492676431425 0.05881047492232582 0.0426098535286285
0 0.6674434087882823 0.06458055925432755 0.05215268530847752 0.06258322237017311
0 0.751220594762539 0.04660452729693742 0.042166000887705196 0.0559254327563249
0 0.9343098091433645 0.17576564580559254 0.042166000887705196 0.05592543275632488
0 0.7784065690190858 0.1844207723035952 0.047714158899245546 0.05725699067909453
0 0.7673102529960053 0.24500665778961384 0.02552152685308471 0.04527296937416778
0 0.5969818020417221 0.34354194407456723 0.03328894806924097 0.04527296937416778
0 0.786728806036396 0.3575233022636485 0.05326231691078562 0.07323568575233025
0 0.28683976919662674 0.37616511318242346 0.04327563249001333 0.07323568575233025
0 0.40834442964935647 0.3794940079893475 0.05104305370616949 0.037283621837549956
0 0.46715490457168224 0.3868175765645806 0.04660452729693745 0.0492676431424767
0 0.45661340434975584 0.3348868175765646 0.043275632490013365 0.05725699067909449
0 0.10985352862849534 0.5006657789613849 0.04438526409232136 0.037283621837549956
0 0.21748779405237464 0.4973368841544607 0.02663115845539281 0.03595206391478022
0 0.25798934753661784 0.5279627163781625 0.03439857967154907 0.03595206391478022
0 0.326786506879716 0.9580559254327562 0.03439857967154907 0.04394141145139813
0 0.6990679094540613 0.8528628495339546 0.03328894806924097 0.02796271637816247
0 0.7767421216156236 0.9447403462050599 0.02885042166000886 0.043941411451398266
0 0.8477585441633377 0.9813581890812251 0.03994673768308914 0.037283621837549956
0 0.91988459831336 0.4087882822902796 0.042166000887705335 0.04793608521970704
0 0.8749445184198846 0.09320905459387482 0.036617842876165124 0.04793608521970707
0 0.8033732800710165 0.06857523302263649 0.03106968486462506 0.038615179760319564
0 0.3245672436750999 0.1537949400798935 0.049933422103861494 0.057256990679094566
0 0.5126498002663117 0.06391478029294274 0.03550821127385703 0.047936085219707054
0 0.1475810031069685 0.29693741677762986 0.031069684864624934 0.04527296937416775
0 0.20750110963160232 0.43475366178428765 0.037727474478473154 0.04394141145139813
0 0.555370616955171 0.6278295605858856 0.038837106080781114 0.043941411451398266
0 0.10153129161118508 0.833555259653795 0.029960053262316926 0.034620505992010636
0 0.1853084775854416 0.9693741677762984 0.03328894806924101 0.03994673768308914
0 0.4815801154016867 0.9440745672436751 0.028850421660008934 0.034620505992010636
0 0.9709276520195296 0.8581890812250333 0.026631158455392948 0.03861517976031948
0 0.8588548601864181 0.8355525965379493 0.024411895250776753 0.04394141145139813
0 0.7734132268086995 0.8841544607190412 0.031069684864624917 0.037283621837549956
0 0.9337549933422105 0.46338215712383485 0.027740790057700904 0.034620505992010636
0 0.9675987572126056 0.38348868175765644 0.031069684864624917 0.034620505992010636
0 0.9270972037283621 0.2896138482023968 0.01664447403462063 0.02796271637816247
0 0.7084997780736796 0.2782956058588548 0.027740790057700904 0.04260985352862853
0 0.9110075454948958 0.24300932090545943 0.044385264092321394 0.038615179760319585
