0 0.3154960053262317 0.46138482023968036 0.06031541278295606 0.070572569906791
0 0.6733287907789614 0.644474034620506 0.054515853861518054 0.06391478029294269
0 0.6924673352197069 0.5166444740346204 0.046396471371504475 0.05059920106524636
0 0.7127657914447403 0.22902796271637818 0.08931320739014652 0.08521970705725695
0 0.8078785577563249 0.1351531291611185 0.04755638315579219 0.07589880159786949
0 0.9418483688415445 0.29427430093209056 0.04639647137150462 0.05858854860186415
0 0.9511276631158455 0.6311584553928096 0.06495505992010664 0.09054593874833557
0 0.2917178137483355 0.08655126498002662 0.047556383155792296 0.055925432756324896
0 0.24474138648468707 0.02796271637816245 0.0487162949400799 0.047936085219707054
0 0.21632354776964047 0.6238348868175766 0.04523655958721704 0.07057256990679087
0 0.10961166361517975 0.6378162450066579 0.07075461884154462 0.05592543275632501
0 0.13628963465379493 0.49201065246338216 0.056835677430093184 0.0492676431424767
0 0.22618279793608523 0.21504660452729696 0.04175682423435419 0.05193075898801599
0 0.2667797103861518 0.6537949400798934 0.03711717709720372 0.05326231691078547
0 0.2986772844540612 0.6937416777629827 0.0220383239014647 0.034620505992010636
0 0.632151922436751 0.9407456724367509 0.05567576564580556 0.06524633821571242
0 0.9093708388814912 0.8841544607190415 0.0487162949400799 0.05858854860186412
0 0.9702662075565911 0.8282290279627164 0.038277088881491325 0.05059920106524629
0 0.4541054635486019 0.6451398135818909 0.038277088881491395 0.04660452729693738
0 0.5619772594873501 0.7210386151797604 0.04291673601864183 0.04660452729693745
0 0.5567576564580559 0.7842876165113182 0.039437000665778967 0.042609853528628464
0 0.42162793358854855 0.5832223701731025 0.03131761817576567 0.034620505992010636
0 0.34971340296271636 0.6890812250332888 0.0313176181757656 0.03328894806924112
0 0.9221298685086551 0.5585885486018642 0.05567576564580548 0.051930758988015954
0 0.4390266103528628 0.2549933422103861 0.038277088881491325 0.04394141145139813
0 0.625772407623169 0.34553928095872166 0.049876206724367475 0.05193075898801592
0 0.6025741719374167 0.4394141145139814 0.02435814747003995 0.05592543275632494
0 0.5260199941744339 0.44940079893475365 0.035957265312916105 0.03328894806924097
