0 0.28350015660787714 0.29839375404001245 0.04038463769342982 0.031908849535549455
0 0.6469618958487452 0.26584672751375193 0.021000011600583478 0.01403989379564173
0 0.08763466379474263 0.21638801073365027 0.028269246385400838 0.022336194674884596
0 0.19909626382860884 0.2157498337429393 0.016961547831240507 0.014678070786352714
0 0.3452886522788246 0.25340227619488764 0.018576933338977638 0.01340171680493075
0 0.5350964494379447 0.4534707627827828 0.02019231884671491 0.016592601758485728
0 0.9829620814580811 0.40975563891908 0.019384626092846132 0.017230778749196672
0 0.817385066915019 0.18065009925383485 0.019384626092846274 0.018507132730618672
0 0.9555005278265489 0.28339659475830414 0.01615385507737187 0.01723077874919678
0 0.7446927190668453 0.3334934885291168 0.008076927538686078 0.010210831851375843
0 0.7382311770358965 0.30413734695641126 0.009692313046423208 0.012763539814219769
0 0.6631157509261172 0.4052883999841031 0.01292308406189747 0.012125362823508823
0 0.2774424609538626 0.4844223468322657 0.02019231884671484 0.01467807078635282
0 0.9207697394101991 0.41486105484476793 0.011307698554160197 0.012125362823508823
0 0.41636561461926114 0.3044564354517668 0.012115391308028904 0.008296300879242864
0 0.4583656378204281 0.19118001960056616 0.012115391308028904 0.010210831851375808
0 0.25401937109167333 0.16661020545819313 0.012115391308028904 0.008296300879242864
0 0.13771161453459557 0.16661020545819313 0.012115391308028904 0.009572654860664862
0 0.22494243195240393 0.27127123193479535 0.013730776815766142 0.007019946897820865
0 0.020192318846714893 0.2556358956623761 0.017769240585109102 0.015316247777063766
0 0.08803851017167695 0.561960851203651 0.022615397108320678 0.017868955739907762
0 0.13851930728846415 0.4276245946589877 0.010500005800291722 0.012125362823508751
0 0.0973269768411658 0.33508893100589426 0.010500005800291756 0.008296300879242864
0 0.05976926378627608 0.3740177274392646 0.019384626092846302 0.01084900884208686
0 0.5140964378373613 0.528456559191324 0.015346162323503379 0.01467807078635282
0 0.5048079711678723 0.5686617096061163 0.01292308406189754 0.01084900884208679
0 0.683308069772832 0.5641944706711395 0.021000011600583547 0.013401716804930857
0 0.8537312408391057 0.593550612243845 0.016153855077372013 0.012125362823508823
0 0.8408081567772082 0.526542028219191 0.011307698554160481 0.010849008842086932
0 0.8391927712694709 0.4020975150305482 0.008076927538686078 0.008296300879242864
0 0.9740774611655264 0.3363652849873162 0.012923084061897612 0.01084900884208679
0 0.9413659046338484 0.3079664089006772 0.012115391308029189 0.008934477869953845
0 0.9458082147801256 0.1784164797863464 0.009692313046423208 0.008934477869953845
0 0.6356541972945848 0.37593225841139755 0.012923084061897398 0.009572654860664826
0 0.44606780801443063 0.38838582847143427 0.011190800529462237 0.00851462829493606
0 0.5237817005801406 0.43259639846437137 0.01077632643577843 0.007859656887633263
0 0.617660082799518 0.43898236968557347 0.011190800529462308 0.008187142591284698
0 0.36669601907398575 0.4569940833863997 0.011605274623145973 0.007532171183981902
0 0.45415005284126453 0.4615788832375191 0.009947378248410885 0.006877199776679106
0 0.2160346860199296 0.3819998572502323 0.011190800529462237 0.008842113998587421
0 0.23779457593832837 0.37070160047425943 0.010776326435778394 0.010479542516844376
0 0.2630774956530393 0.37839751451006703 0.009947378248410849 0.006877199776679177
0 0.27095250343303123 0.43063148424246306 0.009947378248410849 0.007859656887633263
0 0.23116299043938773 0.41720457039275627 0.008289481873675762 0.0065497140730277435
0 0.7846931425540836 0.33778928725729507 0.009532904154726936 0.0075321711839818305
0 0.7424167849983375 0.3667717720304428 0.009532904154727078 0.007204685480330539
0 0.7185845246115199 0.39821039958097587 0.009947378248410814 0.009824571109541509
0 0.8004307238912571 0.45109934072067476 0.011190800529462166 0.008187142591284698
0 0.7695524039118152 0.43849114113009635 0.009947378248410814 0.00851462829493606
0 0.9680854947863486 0.46911105442150103 0.009947378248410672 0.008187142591284627
0 0.9345130931979619 0.48237422541938213 0.012434222810513517 0.008514628294935989
0 0.5544403492899304 0.48352042538216194 0.01243422281051366 0.0121169710351014
0 0.6319470048087983 0.5365731093736865 0.01575001555998391 0.011461999627798605
0 0.620756204279336 0.5057894532304563 0.00911843006104327 0.009497085405890218
0 0.4725817157873826 0.4833566825303363 0.007875007779991847 0.005894742665724877
0 0.37020661464748755 0.5157777671918236 0.011190800529462166 0.011134513924146959
0 0.35072633224434957 0.5300233953006588 0.012019748716829782 0.009497085405890076
0 0.36668358485117536 0.5442690234094942 0.00911843006104334 0.00851462829493613
0 0.31964077521806566 0.48614031101137306 0.012019748716829745 0.008842113998587421
0 0.2286637116544747 0.5084093388596673 0.013263170997881168 0.008842113998587493
0 0.23032160802920984 0.46927479727332666 0.009947378248410885 0.007859656887633334
0 0.04517767621153265 0.5270760239677963 0.012434222810513566 0.011461999627798605
0 0.19418111289085366 0.5698129082943023 0.010361852342094658 0.009169599702238856
0 0.3054674070449501 0.5647368798877058 0.014921067372616328 0.009497085405890218
0 0.28142790961129055 0.5375555664846408 0.00911843006104327 0.006877199776679177
0 0.2536581453344769 0.5583509086665037 0.011605274623146044 0.008514628294935846
0 0.7821126147813038 0.49138008226979524 0.014092119185248749 0.011461999627798534
0 0.5781913606888812 0.4118010562825084 0.01243422281051366 0.009497085405890147
0 0.5566387078173244 0.3800349430283239 0.01409211918524882 0.010152056813193013
0 0.5661716119720515 0.3923156569152509 0.01077632643577843 0.0065497140730277435
0 0.5033787867789579 0.38281857150936077 0.00953290415472715 0.0065497140730277435
0 0.5504215964120676 0.43177768420524304 0.00911843006104334 0.007532171183981973
0 0.47229322975267396 0.4371811983154909 0.008703955967359676 0.007204685480330469
0 0.5218228839478862 0.4956373964172633 0.009947378248410814 0.006222228369376453
0 0.30256608838916366 0.49547365356543766 0.009947378248410849 0.006549714073027815
0 0.3537536389591112 0.549181308964265 0.008703955967359534 0.005894742665724948
0 0.4105365897937898 0.5531111374080816 0.007875007779991918 0.006549714073027672
0 0.29223792367245555 0.7731570878472758 0.01909091963689413 0.015084183416805246
0 0.10500005800291742 0.745889525516897 0.013216790517849741 0.010442896211634434
0 0.06681821872912928 0.8433565568254845 0.016153855077371927 0.013923861615512295
0 0.17255254287192728 0.8535093725867956 0.008811193678566483 0.006381769907110027
0 0.22872390257278868 0.8305930170112648 0.015419588937491397 0.010442896211634434
0 0.16300708305348022 0.7896916735156967 0.013216790517849741 0.012183378913573507
0 0.40274497772447704 0.8010048110783007 0.015419588937491397 0.010442896211634434
0 0.33372396057570614 0.9045635318436749 0.013951056657730235 0.011023057112280554
0 0.32784983145666174 0.9559077715508772 0.01101399209820805 0.009282574410341624
0 0.38952818720662735 0.94430455353795 0.015419588937491326 0.012763539814219769
0 0.45965060356521903 0.8651125905997228 0.01468532279761078 0.00986273531098817
0 0.5323429514133927 0.8494482462822712 0.010279725958327575 0.011023057112280696
0 0.5433569435116007 0.8862884634733146 0.014685322797610851 0.015084183416805104
0 0.5451926088613022 0.9321211746243766 0.009545459818447028 0.006961930807756289
0 0.77281511222427 0.8944107160823636 0.013951056657730306 0.011603218012926958
0 0.8987417552137829 0.872074521407479 0.01615385507737187 0.012183378913573364
0 0.9332522637881682 0.9176171521082178 0.01615385507737187 0.012763539814219769
0 0.9064515496825285 0.7609737089337023 0.011013992098208263 0.0116032180129271
0 0.9339865299280486 0.6429109656521692 0.01468532279761078 0.012183378913573436
0 0.6747905825502177 0.6611860340225294 0.017622387357133108 0.013923861615512435
0 0.6307346141573852 0.6022997026069244 0.014685322797610709 0.012183378913573436
0 0.6109094283806107 0.6548042641154194 0.014685322797610851 0.012763539814219911
0 0.39870651395513407 0.6423308047515229 0.011748258238088666 0.00986273531098803
0 0.3249127668971397 0.6707586888831942 0.013951056657730377 0.013343700714866031
0 0.07269234784817362 0.6991865730148654 0.013216790517849741 0.011023057112280696
0 0.017622387357133 0.7487903300201287 0.011748258238088666 0.010442896211634434
0 0.3017833834909026 0.5933072086469059 0.010279725958327539 0.008122252609048957
0 0.25772741509807007 0.5895361627927046 0.01027972595832761 0.008702413509695361
