0 0.8624031007751938 0.259233926128591 0.03305973552211583 0.04514363885088923
0 0.9524623803009576 0.5389876880984952 0.05585955312357498 0.0656634746922024
0 0.6133150934792522 0.3002735978112175 0.056999544003648095 0.07250341997264023
0 0.9501823985408118 0.956908344733242 0.05585955312357498 0.07797537619699042
0 0.5677154582763339 0.7852257181942544 0.03647970816233474 0.05471956224350208
0 0.12539899680802555 0.6709986320109439 0.08207934336525308 0.09165526675786595
0 0.1043091655266758 0.9336525307797536 0.058139534883720936 0.08618331053351568
0 0.520405836753306 0.5177838577291383 0.037619699042407716 0.06703146374828997
0 0.5528955768353854 0.12175102599179206 0.03647970816233474 0.04651162790697676
0 0.6076151390788874 0.20725034199726403 0.03419972640218873 0.04514363885088919
0 0.7945736434108528 0.4240766073871409 0.043319653442772506 0.06292749658002733
0 0.8111035111719107 0.7222982216142271 0.03761969904240758 0.04651162790697683
0 0.7461240310077519 0.8604651162790696 0.028499772001823943 0.043775649794801696
0 0.8361833105335158 0.8406292749658003 0.023939808481532054 0.039671682626538994
0 0.8834929320565437 0.9678522571819426 0.031919744642042926 0.05608755129958965
0 0.981532147742818 0.7886456908344732 0.02735978112175104 0.039671682626538855
0 0.8629730962152302 0.08618331053351573 0.03875968992248076 0.04103967168262654
0 0.858983128134975 0.18057455540355677 0.03533971728226163 0.04924760601915185
0 0.4913360693114456 0.4172366621067032 0.02735978112175104 0.04377564979480162
0 0.506155950752394 0.29822161422708615 0.03647970816233474 0.03830369357045143
0 0.5067259461924305 0.2503419972640219 0.03305973552211583 0.04377564979480162
0 0.2450980392156863 0.1039671682626539 0.03647970816233467 0.041039671682626525
0 0.24851801185590516 0.1880984952120383 0.05015959872321019 0.06703146374829001
0 0.12881896944824442 0.1716826265389877 0.03875968992248062 0.0533515731874145
0 0.21146830825353397 0.03967168262653899 0.037619699042407646 0.05198358413132695
0 0.27416780665754675 0.049931600547195615 0.037619699042407716 0.0451436388508892
0 0.3704970360237118 0.5321477428180574 0.045599635202918376 0.05198358413132695
0 0.5044459644322846 0.6580027359781121 0.03989968080255359 0.043775649794801696
0 0.841313269493844 0.6538987688098494 0.03875968992248076 0.04651162790697661
0 0.9758321933424534 0.6976744186046511 0.029639762881896986 0.041039671682626705
0 0.6560647514819883 0.4418604651162791 0.0353397172822617 0.043775649794801696
0 0.7444140446876426 0.4917920656634747 0.03647970816233482 0.04787961696306432
0 0.7951436388508892 0.63406292749658 0.03533971728226163 0.042407660738713986
0 0.7409940720474236 0.6313269493844049 0.03191974464204279 0.036935704514363864
0 0.7632238942088463 0.6901504787961695 0.03305973552211583 0.04787961696306439
0 0.726174190606475 0.6935704514363885 0.025079799361605096 0.04103967168262656
0 0.41552667578659375 0.6326949384404925 0.030779753761969886 0.039671682626538994
0 0.38303693570451436 0.18878248974008208 0.03875968992248062 0.04924760601915185
0 0.35624715002279983 0.26949384404924764 0.035339717282261776 0.04924760601915185
0 0.32546739626082993 0.3755129958960328 0.02621979024167807 0.036935704514363864
0 0.6953944368445053 0.1874145006839945 0.031919744642042926 0.04377564979480166
0 0.6834245326037393 0.08481532147742818 0.035339717282261776 0.051983584131326956
0 0.8943228454172367 0.13748290013679892 0.028499772001824086 0.03419972640218878
0 0.8190834473324213 0.11354309165526676 0.030779753761969886 0.04377564979480166
0 0.9473324213406293 0.7578659370725035 0.02735978112175104 0.03283173734610116
0 0.901732786137711 0.8392612859097127 0.03647970816233482 0.04514363885088926
0 0.5124259005927952 0.8734610123119014 0.03305973552211576 0.039671682626538994
0 0.38018695850433204 0.9562243502051984 0.04217966256269953 0.04924760601915182
0 0.02393980848153215 0.5984952120383037 0.03647970816233471 0.050615595075239384
0 0.029639762881896948 0.6532147742818057 0.03875968992248062 0.05335157318741459
