0 0.629511604921441 0.42931392931392937 0.018165706690296872 0.01455301455301452
0 0.6826113629392319 0.28326403326403327 0.01816570669029673 0.015592515592515638
0 0.7371084830101224 0.008835758835758836 0.023755154902695922 0.015592515592515595
0 0.5435738386558059 0.10862785862785863 0.019563068743396528 0.015592515592515586
0 0.7950990082137622 0.09355509355509355 0.019563068743396597 0.016632016632016633
0 0.8384172318598548 0.07692307692307693 0.011178896424798097 0.014553014553014564
0 0.4066323574520295 0.3534303534303534 0.016768344637197074 0.014553014553014592
0 0.03213932722129443 0.4100831600831601 0.01956306874339661 0.015592515592515638
0 0.23405814389420945 0.49012474012474017 0.020960430796496395 0.017671517671517735
0 0.15440850686752325 0.5738045738045738 0.015370982584097312 0.012474012474012426
0 0.1767662997171194 0.5504158004158004 0.015370982584097349 0.017671517671517593
0 0.09781534371698307 0.7344074844074845 0.01676834463719711 0.013513513513513402
0 0.1166797314338298 0.7895010395010396 0.018165706690296837 0.017671517671517735
0 0.09641798166388331 0.8575883575883577 0.019563068743396618 0.016632016632016616
0 0.1704781704781705 0.9293139293139293 0.019563068743396597 0.016632016632016616
0 0.06637469752223851 0.9459459459459459 0.018165706690296865 0.01455301455301452
0 0.33536689274394194 0.8529106029106029 0.016768344637197147 0.011434511434511449
0 0.5568487781602536 0.6476091476091476 0.018165706690296945 0.01455301455301452
0 0.5575474591868034 0.6720374220374219 0.019563068743396597 0.011434511434511449
0 0.6833100439657818 0.5654885654885655 0.019563068743396597 0.012474012474012497
0 0.8356225077536553 0.42515592515592515 0.01956306874339674 0.01871101871101871
0 0.912477420674142 0.6013513513513513 0.016768344637197004 0.015592515592515638
0 0.664445656248935 0.7463617463617465 0.018165706690296872 0.016632016632016616
0 0.046112947752292015 0.17775467775467774 0.030741965168194677 0.02079002079002077
0 0.2284686956818104 0.41008316008316015 0.018165706690296837 0.013513513513513473
