0 0.2927494802494802 0.6647609147609147 0.0148128898128898 0.023908523908523875
0 0.22531185031185028 0.6902286902286902 0.015592515592515567 0.01871101871101871
0 0.2646829521829522 0.8477130977130976 0.0148128898128898 0.019750519750519686
0 0.5254677754677755 0.7775467775467775 0.015592515592515567 0.020790020790020805
0 0.5726351351351352 0.7494802494802494 0.011694386694386693 0.020790020790020805
0 0.24012474012474008 0.33939708939708935 0.014033264033264069 0.01975051975051976
0 0.2779365904365904 0.28794178794178793 0.01637214137214137 0.02079002079002077
0 0.711018711018711 0.46517671517671516 0.015592515592515638 0.01975051975051976
0 0.9745322245322245 0.3451143451143451 0.015592515592515496 0.020790020790020805
0 0.8049636174636174 0.066008316008316 0.013253638253638228 0.017671517671517662
0 0.8575883575883574 0.4142411642411642 0.014033264033264032 0.017671517671517593
0 0.88760395010395 0.46829521829521825 0.013253638253638228 0.02598752598752597
0 0.8872141372141371 0.5571725571725571 0.014033264033264032 0.01871101871101864
0 0.8856548856548855 0.10239085239085238 0.014033264033264032 0.013513513513513509
0 0.8564189189189189 0.13513513513513511 0.010135135135135158 0.016632016632016633
0 0.9530925155925155 0.1689189189189189 0.011694386694386622 0.015592515592515604
0 0.46777546777546775 0.6226611226611226 0.014033264033264032 0.016632016632016616
0 0.4977910602910603 0.5093555093555093 0.011694386694386693 0.016632016632016685
0 0.594074844074844 0.8794178794178794 0.012474012474012497 0.018711018711018566
0 0.7195945945945945 0.9584199584199582 0.01871101871101885 0.020790020790020663
0 0.8762993762993763 0.8898128898128896 0.01871101871101871 0.020790020790020663
0 0.9402286902286902 0.9080041580041578 0.014033264033264175 0.015592515592515638
0 0.9753118503118503 0.8731808731808732 0.009355509355509497 0.016632016632016616
0 0.6459199584199584 0.6803534303534303 0.013253638253638157 0.013513513513513402
