0 0.38497324562898333 0.37058212058212064 0.04331822364609252 0.040540540540540564
0 0.3388602978766913 0.13253638253638253 0.04611294775229201 0.03222453222453222
0 0.5184213217000102 0.396049896049896 0.036331413380593675 0.02910602910602911
0 0.5435738386558059 0.5914760914760915 0.04192086159299265 0.03742203742203742
0 0.6281142428683413 0.45322245322245325 0.03213932722129442 0.020790020790020805
0 0.2899526260181998 0.6834719334719336 0.023755154902695922 0.019750519750519543
0 0.05938788725673971 0.8310810810810811 0.023755154902695884 0.015592515592515496
0 0.09781534371698307 0.4875259875259876 0.025152516955795647 0.01871101871101871
0 0.24383967826590777 0.5576923076923076 0.023755154902695884 0.013513513513513473
0 0.16838212739852082 0.5628898128898129 0.015370982584097312 0.011434511434511378
0 0.20680958385876416 0.6003118503118503 0.019563068743396635 0.015592515592515638
0 0.3954534610272315 0.5665280665280665 0.019563068743396597 0.016632016632016616
0 0.2103029889915136 0.3861746361746362 0.020960430796496395 0.013513513513513544
0 0.045414266725742135 0.3477130977130977 0.020960430796496364 0.015592515592515638
0 0.08523908523908524 0.05457380457380458 0.027947241061995153 0.021829521829521834
0 0.21030298899151353 0.14241164241164242 0.02654987900889541 0.020790020790020805
0 0.17467025663746974 0.1975051975051975 0.025152516955795682 0.01663201663201665
0 0.5603421832930029 0.17255717255717257 0.019563068743396597 0.01247401247401246
0 0.6993797075764289 0.030665280665280667 0.026549879008895372 0.017671517671517676
0 0.8265396544085069 0.10550935550935553 0.03213932722129442 0.02390852390852391
0 0.9767560751167309 0.03898128898128898 0.030741965168194697 0.02182952182952183
0 0.7461913363552708 0.5192307692307692 0.025152516955795647 0.017671517671517735
0 0.8789407313997478 0.6985446985446986 0.025152516955795647 0.01871101871101871
0 0.5002556150097134 0.5701663201663202 0.022357792849596124 0.013513513513513473
0 0.3486418322483897 0.42775467775467774 0.018165706690296803 0.017671517671517662
0 0.4150165297706282 0.27546777546777546 0.022357792849596124 0.01663201663201665
0 0.5491632868682049 0.8929313929313929 0.022357792849596193 0.016632016632016758
0 0.8104699907978596 0.8638253638253639 0.016768344637197147 0.012474012474012568
