0 0.9393524851801186 0.4890560875512996 0.03283173734610116 0.0341997264021888
0 0.958200334397325 0.2763337893296854 0.03161574707402338 0.0328317373461012
0 0.2723818209454325 0.2633378932968536 0.03161574707402345 0.03419972640218877
0 0.13983888128894972 0.30027359781121754 0.03647970816233471 0.03693570451436383
0 0.020063839489284092 0.3625170998632011 0.0255357957136343 0.02735978112175104
0 0.09971120231038152 0.08139534883720931 0.02431980544155646 0.02872777017783858
0 0.7685058519531844 0.2811217510259918 0.024319805441556496 0.028727770177838573
0 0.3945888432892537 0.2715458276333789 0.030399756801945586 0.03419972640218877
0 0.46815625474996203 0.3358413132694939 0.024319805441556496 0.028727770177838535
0 0.613467092263262 0.15526675786593708 0.025535795713634287 0.03419972640218877
0 0.5782033743730051 0.19630642954856362 0.03283173734610124 0.03419972640218877
0 0.2176622587019304 0.12175102599179208 0.02918376652986776 0.03283173734610125
0 0.7581699346405231 0.033515731874145006 0.040127678978568185 0.036935704514363885
0 0.06627146982824138 0.25512995896032836 0.03526371789025688 0.0369357045143639
0 0.012767897856817145 0.22024623803009574 0.023103815169478646 0.0328317373461012
