0 0.17920656634746923 0.5766073871409029 0.05198358413132695 0.06155950752393991
0 0.23529411764705885 0.5957592339261285 0.04377564979480166 0.04787961696306432
0 0.14500683994528046 0.24350205198358413 0.05198358413132697 0.06292749658002733
0 0.3426812585499316 0.1573187414500684 0.04514363885088919 0.041039671682626525
0 0.60328317373461 0.24418604651162792 0.03830369357045136 0.04514363885088919
0 0.9835841313269494 0.295485636114911 0.03283173734610116 0.04651162790697672
0 0.8987688098495212 0.30369357045143636 0.04103967168262656 0.03830369357045143
0 0.8686730506155951 0.09028727770177838 0.06292749658002719 0.06839945280437756
0 0.6798905608755129 0.029411764705882356 0.04924760601915196 0.0560875512995896
0 0.5129958960328317 0.3146374829001368 0.02735978112175104 0.0328317373461012
0 0.6320109439124487 0.32352941176470584 0.03830369357045143 0.04514363885088915
0 0.9911080711354309 0.5896032831737346 0.01778385772913822 0.03009575923392603
0 0.7688098495212039 0.5369357045143639 0.03283173734610131 0.03419972640218866
0 0.6757865937072504 0.5800273597811217 0.0355677154582763 0.02462380300957598
0 0.49726402188782487 0.734610123119015 0.0341997264021888 0.03830369357045143
0 0.42954856361149113 0.7291381668946647 0.030095759233926104 0.0355677154582763
0 0.05540355677154583 0.9794801641586867 0.07250341997264022 0.04103967168262656
0 0.02393980848153215 0.26812585499316005 0.0478796169630643 0.07387140902872776
0 0.2722298221614227 0.17305061559507526 0.04103967168262656 0.039671682626538994
0 0.18057455540355677 0.3454172366621067 0.03830369357045143 0.04514363885088919
0 0.5259917920656635 0.3618331053351573 0.023255813953488413 0.03146374829001374
0 0.43775649794801647 0.37961696306429543 0.02735978112175104 0.031463748290013666
0 0.4692202462380301 0.42339261285909713 0.030095759233926173 0.039671682626538994
0 0.4350205198358414 0.4138166894664843 0.021887824897400848 0.02051983584131328
0 0.2770177838577291 0.5588235294117647 0.028727770177838573 0.03419972640218873
0 0.03898768809849521 0.6203830369357045 0.036935704514363885 0.03419972640218866
0 0.06224350205198359 0.42270861833105333 0.03146374829001368 0.04103967168262656
0 0.5191518467852257 0.030779753761969904 0.025991792065663474 0.025991792065663474
0 0.753077975376197 0.009575923392612859 0.023255813953488344 0.019151846785225718
0 0.9534883720930232 0.46306429548563616 0.02462380300957591 0.023255813953488344
0 0.8577291381668947 0.5335157318741449 0.019151846785225645 0.02462380300957591
0 0.9035567715458277 0.512311901504788 0.01778385772913822 0.023255813953488344
0 0.7954856361149112 0.6402188782489739 0.028727770177838608 0.03009575923392603
0 0.8365253077975376 0.7195622435020519 0.028727770177838608 0.0355677154582763
0 0.8166894664842681 0.7790697674418604 0.030095759233926173 0.03419972640218887
0 0.5841313269493844 0.8372093023255814 0.030095759233926173 0.0355677154582763
0 0.4849521203830369 0.9103967168262653 0.023255813953488413 0.03693570451436372
0 0.3905608755129959 0.9753761969904241 0.025991792065663474 0.02735978112175104
0 0.12995896032831739 0.9822161422708617 0.02188782489740083 0.0273597811217509
0 0.01846785225718194 0.8461012311901505 0.03419972640218878 0.03419972640218873
0 0.016415868673050615 0.6942544459644324 0.02188782489740082 0.028727770177838608
0 0.02667578659370725 0.908344733242134 0.028727770177838573 0.019151846785225645
0 0.6272229822161423 0.820109439124487 0.01778385772913815 0.023255813953488483
0 0.548563611491108 0.2818057455540356 0.02462380300957591 0.03283173734610124
0 0.7175102599179206 0.2428180574555404 0.03419972640218887 0.0369357045143639
0 0.030095759233926128 0.14979480164158687 0.019151846785225718 0.025991792065663474
0 0.24829001367989056 0.13406292749658003 0.028727770177838573 0.03009575923392614
0 0.3686730506155951 0.341313269493844 0.05882352941176471 0.04514363885088923
0 0.012995896032831737 0.4384404924760602 0.025991792065663474 0.031463748290013666
0 0.5779753761969905 0.9534883720930232 0.025991792065663474 0.02462380300957591
0 0.33036935704514364 0.9712722298221614 0.03419972640218884 0.03283173734610131
0 0.32558139534883723 0.7920656634746922 0.02735978112175104 0.02735978112175104
0 0.4008207934336525 0.3023255813953488 0.01641586867305058 0.02188782489740081
0 0.32216142270861836 0.028727770177838577 0.015047879616963016 0.02188782489740082
