0 0.5643809849521203 0.3365253077975376 0.06309849521203822 0.051983584131326914
0 0.8062585499316006 0.6757865937072504 0.04673962608299135 0.0683994528043776
0 0.6122891016871864 0.6477428180574556 0.04673962608299135 0.07250341997264037
0 0.38268068855449155 0.37961696306429543 0.061930004559963475 0.06429548563611483
0 0.2915384176926585 0.2086183310533516 0.0899737802097583 0.08891928864569085
0 0.03797594619243046 0.5512995896032832 0.07595189238486091 0.08207934336525312
0 0.2459672822617419 0.32147742818057456 0.061930004559963475 0.08755129958960328
0 0.051413588691290465 0.28454172366621067 0.056087551299589596 0.06292749658002737
0 0.029796511627906974 0.2175102599179207 0.038560191518467846 0.06019151846785224
0 0.8471557227542179 0.21956224350205197 0.07478340173278611 0.06429548563611487
0 0.6771403328773369 0.2872777017783858 0.054919060647514895 0.0683994528043776
0 0.9242761057911537 0.5868673050615595 0.060761513907888656 0.09849521203830364
0 0.7992476060191518 0.896032831737346 0.056087551299589505 0.06566347469220248
0 0.8489084587323302 0.4958960328317373 0.0455711354309166 0.050615595075239384
0 0.8798734610123118 0.16142270861833105 0.025706794345645108 0.03283173734610122
0 0.899737802097583 0.02325581395348837 0.08646830825353405 0.04651162790697674
0 0.47382295941632463 0.31053351573187415 0.031549247606019154 0.03830369357045143
0 0.5275735294117646 0.16279069767441862 0.03154924760601922 0.03830369357045143
0 0.7671141130870953 0.658686730506156 0.0338862289101688 0.045143638850889116
0 0.1524880300957592 0.8885088919288645 0.03388622891016869 0.04787961696306439
0 0.28335898312813496 0.5116279069767442 0.0362232102143183 0.04924760601915182
0 0.07595189238486091 0.7058823529411765 0.03505471956224351 0.04924760601915196
0 0.04264990880072959 0.749658002735978 0.045571135430916544 0.03556771545827644
0 0.6157945736434108 0.40834473324213405 0.02570679434564525 0.04787961696306425
0 0.7507552439580482 0.6025991792065664 0.0362232102143183 0.039671682626538925
0 0.8430660054719561 0.6367989056087551 0.0362232102143183 0.039671682626538925
0 0.5018667350661193 0.9644322845417236 0.043234154126766955 0.04924760601915196
