0 0.5008944543828264 0.7667578659370724 0.024553649724648352 0.028727770177838608
0 0.28052544810410746 0.5554035567715458 0.018415237293486264 0.019151846785225787
0 0.4296888701813462 0.5082079343365252 0.017187554807253848 0.01778385772913815
0 0.7243326668771266 0.36798905608755134 0.012276824862324105 0.01641586867305058
0 0.6242765442491844 0.15937072503419972 0.01841523729348623 0.017783857729138167
0 0.9140096110000351 0.24829001367989056 0.011049142376091795 0.012311901504787955
0 0.8299133606931144 0.29822161422708615 0.012276824862324105 0.01641586867305062
0 0.7881721561612122 0.4274965800273598 0.01473218983478887 0.015047879616963087
0 0.7605493002209829 0.47195622435020523 0.011049142376091795 0.013679890560875591
0 0.6126135606299765 0.49452804377564974 0.009821459889859269 0.015047879616963016
0 0.3811954119751657 0.35636114911080713 0.013504507348556558 0.015047879616963087
0 0.4873899470342698 0.33720930232558133 0.012276824862324176 0.01778385772913815
0 0.5880599109053282 0.38235294117647056 0.009821459889859269 0.009575923392612823
0 0.3327019537689852 0.032147742818057455 0.01964291977971868 0.017783857729138163
0 0.5542986425339366 0.03898768809849521 0.0184152372934863 0.02325581395348838
0 0.8164088533445579 0.07455540355677154 0.012276824862324105 0.01504787961696306
0 0.05463187063734258 0.07523939808481533 0.01595987232102144 0.016415868673050626
0 0.08225472657757199 0.28385772913816687 0.01473218983478902 0.017783857729138184
0 0.03314742712827527 0.246922024623803 0.014732189834789012 0.017783857729138184
0 0.14916342207723876 0.06566347469220246 0.01595987232102141 0.01641586867305062
0 0.14977726332035496 0.16073871409028728 0.01473218983478903 0.020519835841313297
0 0.48002385211687526 0.1456908344733242 0.012276824862324176 0.017783857729138167
0 0.9453155143989617 0.4042407660738714 0.00982145988985934 0.015047879616963016
0 0.9226033884036619 0.4261285909712722 0.011049142376091795 0.012311901504787955
0 0.9606615454768669 0.5314637482900137 0.008593777403626887 0.01778385772913815
0 0.9447016731558455 0.789329685362517 0.00859377740362703 0.01094391244870053
0 0.20072608649900028 0.8508891928864568 0.013504507348556629 0.01367989056087552
0 0.12829281981128765 0.6504787961696306 0.013504507348556629 0.01778385772913822
0 0.37874004700270086 0.677154582763338 0.013504507348556558 0.01641586867305051
0 0.28052544810410746 0.573187414500684 0.011049142376091758 0.01367989056087552
0 0.14977726332035496 0.3084815321477428 0.009821459889859323 0.012311901504788026
0 0.09882844014170963 0.2277701778385773 0.013504507348556577 0.012311901504787955
0 0.07734399663264233 0.027359781121751022 0.00982145988985935 0.01094391244870041
0 0.4094321091585113 0.16210670314637482 0.011049142376091795 0.01504787961696307
0 0.6561962888912274 0.43091655266757867 0.0135045073485567 0.01367989056087545
0 0.6825914623452243 0.5355677154582763 0.012276824862324105 0.015047879616963087
0 0.7501139990880071 0.5909712722298222 0.007366094917394577 0.01367989056087552
0 0.5315865165386369 0.8385772913816689 0.012276824862324176 0.01367989056087552
0 0.7145112069872672 0.9897400820793433 0.007366094917394577 0.012311901504787955
0 0.8059735522115821 0.19357045143638849 0.011049142376091795 0.015047879616963052
