0 0.189256230529595 0.05841121495327102 0.02215212876427831 0.032710280373831765
0 0.29809060228452755 0.06775700934579439 0.03370976116303215 0.06386292834890965
0 0.15602803738317758 0.22897196261682243 0.023115264797507803 0.04049844236760123
0 0.1463966770508827 0.26947040498442365 0.015410176531671845 0.021806853582554523
0 0.30820353063343725 0.24454828660436134 0.00963136033229489 0.03426791277258566
0 0.2918302180685359 0.2679127725856698 0.01733644859813083 0.01869158878504674
0 0.27497533748701974 0.33800623052959494 0.01637331256490139 0.03426791277258566
0 0.31157450674974024 0.47196261682242996 0.17047507788162053 0.24922118380062228
0 0.37465991692627215 0.31152647975077874 0.015410176531671808 0.031152647975077875
0 0.06356697819314644 0.632398753894081 0.05393561786085153 0.05919003115264793
0 0.6337435098650053 0.3465732087227414 0.028894080996884668 0.03894080996884732
0 0.679974039460021 0.44548286604361365 0.02311526479750782 0.049844236760124616
0 0.47675233644859816 0.4447040498442367 0.02504153686396677 0.04828660436137071
0 0.3505815160955348 0.5264797507788163 0.01926272066458985 0.03426791277258566
0 0.1463966770508827 0.6152647975077882 0.026967808930425736 0.031152647975077916
0 0.09486889927310489 0.5700934579439252 0.02215212876427831 0.03115264797507784
0 0.4579711838006231 0.323208722741433 0.016373312564901356 0.0233644859813084
0 0.47916017653167187 0.33956386292834895 0.024078400830737222 0.03738317757009348
0 0.24030244029075806 0.21573208722741433 0.010594496365524364 0.02024922118380065
0 0.21285306334371756 0.22663551401869156 0.01926272066458985 0.01713395638629283
0 0.5995521806853583 0.7180685358255451 0.03563603322949113 0.059190031152647996
0 0.6048494288681205 0.6799065420560748 0.01926272066458978 0.04517133956386303
0 0.6053309968847352 0.5957943925233645 0.014447040498442405 0.03894080996884739
0 0.5422455867082036 0.5755451713395638 0.02504153686396684 0.04205607476635514
0 0.5104620976116303 0.499221183800623 0.02311526479750782 0.03894080996884732
0 0.5234644340602286 0.5319314641744548 0.016373312564901356 0.029595015576324
0 0.496015057113188 0.5295950155763239 0.02504153686396677 0.03738317757009341
0 0.47338136033229505 0.5490654205607476 0.018299584631360305 0.02647975077881632
0 0.1834774143302181 0.6892523364485982 0.03948857736240914 0.04517133956386303
0 0.20900051921079965 0.7390965732087227 0.021188992731048836 0.03582554517133957
0 0.19070093457943926 0.7686915887850467 0.01541017653167188 0.03582554517133957
0 0.16903037383177572 0.7881619937694704 0.03756230529595017 0.056074766355140186
0 0.23211578400830737 0.9065420560747665 0.01733644859813083 0.03426791277258559
0 0.31687175493250264 0.8738317757009345 0.028894080996884702 0.04049844236760123
0 0.28990394600207686 0.9735202492211836 0.02889408099688474 0.05295950155763251
0 0.25041536863966773 0.9813084112149534 0.05008307372793354 0.03738317757009341
0 0.4964966251298027 0.9805295950155763 0.022152128764278346 0.038940809968847245
0 0.5200934579439253 0.9828660436137071 0.021188992731048798 0.03426791277258573
0 0.7204257528556596 0.9283489096573209 0.042377985462097596 0.062305295950155826
0 0.6558956386292836 0.8792834890965733 0.04045171339563865 0.05140186915887867
0 0.6568587746625131 0.8216510903426791 0.01541017653167188 0.026479750778816254
0 0.667934839044652 0.8473520249221184 0.018299584631360374 0.024922118380062273
0 0.7642484423676014 0.7056074766355142 0.029857217030114215 0.043613707165109046
0 0.8143315160955348 0.589563862928349 0.022152128764278273 0.04205607476635514
0 0.8620067497403946 0.7320872274143302 0.02118899273104873 0.04984423676012455
0 0.7449857217030115 0.8746105919003115 0.022152128764278273 0.04205607476635521
0 0.7941056593977157 0.44937694704049846 0.022152128764278273 0.04517133956386296
0 0.8302232606438216 0.48442367601246106 0.02311526479750782 0.03738317757009348
0 0.8567095015576325 0.308411214953271 0.018299584631360232 0.031152647975077913
0 0.9135345275181724 0.2671339563862928 0.020225856697819324 0.03582554517133953
0 0.9515784008307374 0.20404984423676012 0.023115264797507678 0.028037383177570093
0 0.9640991692627208 0.21495327102803735 0.017336448598130973 0.031152647975077875
0 0.6096651090342681 0.13006230529595014 0.02504153686396684 0.038940809968847336
0 0.6395223260643822 0.16199376947040497 0.019262720664589922 0.043613707165109046
0 0.666490134994808 0.2305295950155763 0.03467289719626166 0.03738317757009344
0 0.7440225856697819 0.05529595015576323 0.04911993769470414 0.06697819314641744
0 0.9327972481827622 0.13161993769470404 0.06067757009345797 0.09813084112149531
0 0.9380944963655244 0.08021806853582554 0.02696780893042572 0.04517133956386292
0 0.9883099688473521 0.09657320872274143 0.023380062305295865 0.06230529595015576
0 0.9563940809968848 0.01947040498442367 0.01541017653167188 0.03894080996884734
0 0.8629698857736241 0.09423676012461059 0.02889408099688481 0.04517133956386294
0 0.8417808930425753 0.04127725856697819 0.030820353063343617 0.04205607476635514
0 0.4064434060228453 0.06775700934579439 0.03082035306334369 0.03894080996884734
0 0.4502660955347872 0.20327102803738317 0.029857217030114215 0.029595015576324
0 0.4806048805815161 0.14797507788161993 0.03274662512980271 0.031152647975077875
0 0.40788811007268955 0.3411214953271028 0.016373312564901425 0.028037383177570093
0 0.4396715991692628 0.32398753894080995 0.018299584631360374 0.028037383177570128
0 0.4570080477673936 0.3691588785046729 0.03370976116303218 0.028037383177570093
0 0.5220197300103843 0.3847352024922118 0.019262720664589922 0.04049844236760123
0 0.5619898753894081 0.3987538940809969 0.031783489096573164 0.04049844236760123
0 0.43341121495327106 0.7733644859813082 0.02504153686396677 0.04205607476635507
0 0.4796417445482867 0.6269470404984423 0.023115264797507747 0.03894080996884746
0 0.42907710280373834 0.5327102803738317 0.022152128764278273 0.043613707165109046
0 0.16276998961578404 0.5109034267912773 0.032746625129802726 0.05295950155763243
0 0.17818016614745588 0.4306853582554517 0.02504153686396677 0.03894080996884739
0 0.11991043613707168 0.7305295950155762 0.024078400830737295 0.02803738317757024
0 0.04045171339563863 0.7866043613707165 0.021188992731048812 0.028037383177570093
0 0.14591510903426794 0.6775700934579438 0.016373312564901356 0.03426791277258559
0 0.331318795430945 0.7632398753894081 0.023115264797507785 0.024922118380062273
0 0.5436902907580479 0.6277258566978193 0.014447040498442334 0.03738317757009348
0 0.7083865524402908 0.2897196261682243 0.016373312564901425 0.043613707165109046
0 0.7512461059190032 0.33956386292834895 0.02118899273104887 0.040498442367601264
0 0.6708242471443406 0.1409657320872274 0.018299584631360517 0.029595015576323984
0 0.04719366562824507 0.08878504672897196 0.021188992731048812 0.04361370716510904
0 0.18444055036344756 0.1425233644859813 0.01829958463136034 0.035825545171339554
0 0.21863187954309451 0.8753894080996885 0.00963136033229489 0.031152647975077913
0 0.04574896157840084 0.9665109034267912 0.02407840083073728 0.03582554517133957
0 0.11220534787123572 0.956386292834891 0.020225856697819306 0.024922118380062273
0 0.6135176531671859 0.9774143302180686 0.01926272066458978 0.026479750778816254
0 0.6761214953271029 0.9626168224299065 0.01541017653167188 0.031152647975077913
0 0.935205088265836 0.9595015576323987 0.02118899273104873 0.024922118380062273
0 0.9660254413291797 0.7079439252336448 0.023115264797507678 0.04517133956386303
0 0.8663408618899274 0.6082554517133956 0.018299584631360374 0.03271028037383182
0 0.7170547767393564 0.21806853582554517 0.02022585669781918 0.03738317757009348
0 0.6920132398753895 0.2570093457943925 0.02407840083073708 0.034267912772585625
0 0.5981074766355141 0.24221183800623053 0.01348390446521286 0.03582554517133953
0 0.5523585150571132 0.26246105919003115 0.026004672897196244 0.045171339563862885
0 0.5340589304257529 0.220404984423676 0.016373312564901283 0.026479750778816216
0 0.278346313603323 0.2383177570093458 0.01733644859813083 0.0467289719626168
0 0.24848909657320875 0.25934579439252337 0.01733644859813083 0.04828660436137071
0 0.2162240394600208 0.2585669781931464 0.01444704049844237 0.03426791277258566
0 0.1141316199376947 0.2827102803738317 0.018299584631360322 0.04828660436137071
0 0.011557632398753894 0.37175492854133196 0.02311526479750779 0.04880580723842733
0 0.39247793354101773 0.8014018691588786 0.018299584631360305 0.029595015576323932
0 0.36743639667705097 0.7445482866043613 0.014447040498442405 0.024922118380062273
0 0.45460020768431986 0.7476635514018691 0.02696780893042572 0.03426791277258559
0 0.5639161474558672 0.8387850467289719 0.020225856697819324 0.03271028037383189
0 0.7016446002076845 0.8107476635514018 0.026004672897196456 0.03271028037383189
0 0.8215550363447559 0.8006230529595015 0.01733644859813083 0.04049844236760123
0 0.9539862409138111 0.6059190031152647 0.016373312564901425 0.028037383177570093
