0 0.29035250463821893 0.5594028790634166 0.05936920222634516 0.12344091552012344
0 0.3585343228200371 0.2018160999773447 0.036178107606679076 0.09013146212580442
0 0.3441558441558442 0.07151735581721437 0.04267161410018552 0.08033456406865178
0 0.2527829313543599 0.17536447522303253 0.02504638218923933 0.05290324950862434
0 0.29499072356215217 0.23904431259452477 0.011131725417439746 0.039187592228610624
0 0.2963821892393321 0.29488663152029493 0.02504638218923933 0.06074076795434642
0 0.5663265306122449 0.2605974883202606 0.03432282003710576 0.10580649901724865
0 0.6451762523191094 0.18614106308590045 0.06400742115027831 0.12540029513155398
0 0.725417439703154 0.1822223038630394 0.040816326530612346 0.07445642523436016
0 0.8112244897959183 0.28508973346314226 0.04916512059369196 0.09600960096009604
0 0.9174397031539888 0.2978257009374407 0.027829313543599313 0.054862629120054865
0 0.7402597402597402 0.5858545038177287 0.051948051948051986 0.09013146212580445
0 0.7300556586270872 0.6446358921606447 0.04267161410018559 0.07445642523436007
0 0.6841372912801483 0.7945284324350803 0.030612244897959186 0.06465952717720753
0 0.6052875695732838 0.9624135882976053 0.05658627087198525 0.07517282340478942
0 0.6368274582560297 0.5809560547891525 0.019480519480519404 0.05682200873148538
0 0.4327458256029685 0.5985904712920272 0.03803339517625225 0.0489844902857633
0 0.40816326530612246 0.5113980785833685 0.02226345083487942 0.04310635145147167
0 0.4076994434137291 0.17634416502874778 0.030612244897959186 0.06270014756577699
0 0.46057513914656767 0.06857828640006858 0.032467532467532506 0.06661890678863805
0 0.50139146567718 0.047025110674332744 0.032467532467532506 0.054862629120054865
0 0.5473098330241187 0.015675036891444245 0.04267161410018552 0.03135007378288849
0 0.014842300556586273 0.5019277388118276 0.029684601113172546 0.06335326413700045
0 0.16048237476808908 0.5476466013948333 0.024118738404452687 0.05290324950862427
0 0.19758812615955473 0.859187959612288 0.03153988868274581 0.07249704562292962
0 0.2852504638218924 0.6661890678863805 0.01948051948051951 0.054862629120054934
0 0.1280148423005566 0.3428914320003429 0.024118738404452708 0.039187592228610624
0 0.16280148423005564 0.36052584850321767 0.02319109461966603 0.04702511067433271
0 0.06910946196660482 0.3722821261718009 0.023191094619666047 0.04702511067433271
0 0.09554730983302412 0.4251853756804252 0.014842300556586282 0.03526883300574959
0 0.032467532467532464 0.2870491130745728 0.024118738404452684 0.05290324950862431
0 0.08395176252319109 0.269414696571698 0.01762523191094618 0.03722821261718007
0 0.01437847866419295 0.051923559702909065 0.02504638218923933 0.05682200873148538
0 0.17625231910946199 0.007837518445722124 0.040816326530612235 0.015675036891444248
0 0.6368274582560298 0.7132141785607132 0.023191094619666116 0.054862629120054865
0 0.5709647495361782 0.5260934256690976 0.023191094619666047 0.04506573106290212
0 0.47124304267161415 0.18908013250304628 0.02226345083487942 0.048984490285763266
0 0.9517625231910947 0.8827005149494542 0.02226345083487942 0.04506573106290219
0 0.9879406307977737 0.517602775703272 0.02411873840445267 0.09470333791988886
0 0.4243970315398887 0.68284379458354 0.025046382189239366 0.04898449028576323
0 0.8038033395176253 0.708315729532137 0.05287569573283861 0.08425332329151275
0 0.3492578849721707 0.2958663213260102 0.025046382189239366 0.058781388342915936
0 0.6590909090909091 0.2801912844345659 0.013914656771799514 0.027431314560027467
0 0.6428571428571428 0.26157717812597586 0.016697588126159672 0.02939069417145795
0 0.634508348794063 0.2723537659888438 0.01484230055658614 0.035268833005749546
0 0.8446196660482375 0.5731185363434304 0.015769944341372907 0.029390694171458023
0 0.8534322820037105 0.30174446016030176 0.018552875695732923 0.031350073782888434
0 0.4819109461966605 0.6426765125492142 0.013914656771799585 0.027431314560027502
0 0.39471243042671617 0.7729752567093445 0.019480519480519477 0.02939069417145788
0 0.3232838589981447 0.46927141693761215 0.015769944341372907 0.05290324950862434
0 0.17115027829313545 0.6044686101263188 0.023191094619666047 0.03330945339431899
0 0.16001855287569572 0.6377780635206378 0.02133580705009278 0.02939069417145788
0 0.17764378478664192 0.6632499984692347 0.02504638218923933 0.04506573106290219
0 0.24118738404452691 0.660310929052089 0.016697588126159565 0.027431314560027432
0 0.8019480519480519 0.5652810178977081 0.019480519480519404 0.04506573106290226
0 0.6567717996289426 0.5104183887776533 0.02411873840445267 0.025471934948596838
0 0.6131725417439703 0.46143389849189004 0.014842300556586282 0.041146971840041145
0 0.7268089053803339 0.9473600421266617 0.015769944341372907 0.04506573106290233
