0 0.2178738317757009 0.338006230529595 0.03154205607476637 0.0529595015576324
0 0.2610981308411215 0.32788161993769466 0.022196261682242983 0.04205607476635514
0 0.3107476635514018 0.3387850467289719 0.023364485981308435 0.03271028037383175
0 0.25350467289719625 0.08333333333333331 0.030373831775700955 0.03582554517133956
0 0.29147196261682246 0.07165109034267912 0.026869158878504676 0.03738317757009344
0 0.5280373831775701 0.03582554517133956 0.025700934579439193 0.040498442367601244
0 0.6717289719626168 0.2718068535825545 0.03037383177570092 0.05140186915887849
0 0.9199766355140188 0.08021806853582554 0.019859813084112263 0.023364485981308424
0 0.8457943925233644 0.35669781931464173 0.028037383177570093 0.04049844236760123
0 0.838785046728972 0.6978193146417445 0.028037383177570093 0.03738317757009341
0 0.6670560747663552 0.7289719626168224 0.025700934579439404 0.031152647975077913
0 0.5338785046728972 0.661214953271028 0.030373831775700993 0.04205607476635507
0 0.5829439252336449 0.7718068535825546 0.021028037383177604 0.029595015576324074
0 0.5315420560747663 0.8878504672897196 0.016355140186915945 0.018691588785046634
0 0.32651869158878505 0.9314641744548287 0.029205607476635434 0.031152647975077913
0 0.12383177570093458 0.9361370716510904 0.01869158878504672 0.031152647975077913
0 0.04848130841121495 0.5981308411214953 0.024532710280373834 0.03738317757009348
0 0.016939252336448597 0.24766355140186913 0.017523364485981307 0.03115264797507784
0 0.018691588785046728 0.028816199376947033 0.025700934579439248 0.029595015576323977
0 0.2932242990654206 0.19781931464174454 0.018691588785046755 0.028037383177570107
0 0.6156542056074766 0.6222741433021807 0.023364485981308504 0.023364485981308435
0 0.6542056074766356 0.5537383177570093 0.018691588785046776 0.03271028037383168
0 0.6688084112149534 0.6222741433021807 0.024532710280373918 0.026479750778816112
0 0.7792056074766356 0.6370716510903427 0.03971962616822438 0.06230529595015575
0 0.6676401869158878 0.353582554517134 0.029205607476635434 0.028037383177570093
0 0.8417056074766356 0.18457943925233644 0.02453271028037378 0.026479750778816216
0 0.9643691588785046 0.3356697819314642 0.029205607476635434 0.032710280373831786
0 0.5841121495327102 0.27492211838006225 0.028037383177570093 0.03582554517133957
0 0.6232476635514018 0.23364485981308414 0.02219626168224302 0.024922118380062308
0 0.495911214953271 0.09890965732087227 0.01985981308411219 0.029595015576323984
0 0.5432242990654206 0.1588785046728972 0.016355140186915876 0.024922118380062308
0 0.6039719626168224 0.08878504672897196 0.016355140186915876 0.021806853582554516
0 0.43457943925233644 0.07476635514018691 0.018691588785046776 0.04361370716510903
0 0.1699766355140187 0.09735202492211836 0.012850467289719667 0.0264797507788162
0 0.19626168224299065 0.06853582554517133 0.014018691588785047 0.015576323987538937
0 0.4228971962616822 0.01012461059190031 0.03037383177570092 0.017133956386292833
0 0.4678738317757009 0.03037383177570093 0.012850467289719631 0.02336448598130841
0 0.18983644859813084 0.7982866043613709 0.043224299065420586 0.0700934579439253
0 0.11039719626168225 0.7694704049844237 0.02453271028037383 0.031152647975077913
0 0.04439252336448598 0.7554517133956387 0.02336448598130841 0.024922118380062273
0 0.2926401869158879 0.5210280373831775 0.02686915887850464 0.03894080996884739
0 0.7482476635514018 0.6954828660436136 0.02686915887850475 0.026479750778816254
0 0.8574766355140188 0.6230529595015576 0.028037383177570093 0.03738317757009341
0 0.9485981308411214 0.5077881619937695 0.023364485981308292 0.03115264797507784
0 0.7716121495327103 0.19626168224299065 0.024532710280373918 0.03738317757009348
0 0.5689252336448598 0.9750778816199377 0.02102803738317746 0.03738317757009341
0 0.6962616822429907 0.9649532710280374 0.025700934579439262 0.03271028037383175
0 0.2114485981308411 0.896417445482866 0.0233644859813084 0.03271028037383175
0 0.27102803738317754 0.6557632398753893 0.021028037383177534 0.021806853582554454
0 0.19742990654205606 0.6121495327102803 0.0233644859813084 0.028037383177570093
0 0.14953271028037382 0.5475077881619937 0.028037383177570093 0.029595015576324
0 0.6302570093457944 0.38940809968847345 0.02453271028037378 0.024922118380062343
0 0.7669392523364487 0.3878504672897196 0.015186915887850603 0.015576323987538956
0 0.758177570093458 0.40186915887850466 0.03271028037383189 0.024922118380062273
0 0.8738317757009345 0.5700934579439252 0.016355140186915945 0.024922118380062273
0 0.6577102803738317 0.6596573208722742 0.023364485981308292 0.023364485981308435
0 0.4053738317757009 0.8894080996884736 0.03271028037383175 0.028037383177570093
