0 0.4134746922024624 0.658686730506156 0.018467852257182 0.025991792065663474
0 0.5812243502051984 0.6853625170998632 0.011285909712722315 0.016415868673050796
0 0.4940150478796169 0.9521203830369356 0.017441860465116293 0.02462380300957605
0 0.31908344733242133 0.8324213406292751 0.01025991792065664 0.015047879616962944
0 0.18057455540355677 0.8474692202462379 0.01025991792065664 0.01778385772913822
0 0.0954172366621067 0.5725034199726403 0.01025991792065664 0.01778385772913815
0 0.016928864569083445 0.20930232558139533 0.013337893296853627 0.019151846785225714
0 0.045656634746922026 0.059507523939808474 0.015389876880984952 0.02325581395348837
0 0.2667578659370725 0.12243502051983585 0.00820793433652529 0.015047879616963087
0 0.255984952120383 0.13953488372093023 0.007181942544459652 0.01641586867305062
0 0.6509917920656634 0.26880984952120385 0.01744186046511615 0.025991792065663474
0 0.5966142270861832 0.09644322845417236 0.015389876880984943 0.02325581395348836
0 0.7812927496580028 0.4165526675786594 0.013337893296853594 0.023255813953488344
0 0.6202120383036935 0.4528043775649795 0.011285909712722244 0.016415868673050654
0 0.40885772913816687 0.5129958960328317 0.011285909712722315 0.01641586867305051
0 0.4791381668946648 0.5232558139534884 0.012311901504787955 0.015047879616963087
0 0.3431942544459644 0.31942544459644323 0.011285909712722315 0.020519835841313245
0 0.16261969904240764 0.40834473324213405 0.013337893296853594 0.012311901504787955
0 0.2446990424076607 0.5909712722298222 0.009233926128591 0.019151846785225645
0 0.0954172366621067 0.6306429548563611 0.01025991792065664 0.01367989056087545
0 0.11645006839945278 0.7277701778385773 0.009233926128590983 0.013679890560875662
0 0.3462722298221614 0.8891928864569084 0.009233926128590966 0.016415868673050654
0 0.40885772913816687 0.8344733242134064 0.017441860465116293 0.019151846785225645
0 0.60328317373461 0.914500683994528 0.012311901504788026 0.020519835841313352
0 0.8602941176470589 0.8885088919288645 0.015389876880985157 0.015047879616963087
0 0.8331053351573187 0.807797537619699 0.012311901504787812 0.020519835841313352
0 0.8325923392612858 0.8789329685362517 0.013337893296853594 0.028727770177838608
0 0.6879274965800274 0.7606019151846786 0.013337893296853736 0.021887824897400775
0 0.6756155950752393 0.7811217510259917 0.013337893296853594 0.016415868673050654
0 0.6222640218878248 0.8296853625170999 0.009233926128590966 0.023255813953488344
0 0.8243844049247605 0.5047879616963065 0.013337893296853594 0.019151846785225714
0 0.7628248974008207 0.530095759233926 0.013337893296853594 0.01778385772913815
0 0.7966826265389877 0.5314637482900137 0.011285909712722458 0.02325581395348827
0 0.6869015047879617 0.5280437756497948 0.011285909712722315 0.01367989056087552
0 0.6843365253077974 0.5882352941176471 0.008207934336525256 0.010943912448700388
0 0.8069425444596442 0.6573187414500684 0.015389876880984872 0.015047879616963087
0 0.8767099863201093 0.3160054719562243 0.015389876880984872 0.02735978112175104
0 0.6745896032831737 0.2879616963064296 0.01744186046511615 0.02051983584131328
0 0.7135772913816689 0.27291381668946646 0.011285909712722315 0.015047879616963016
0 0.7694938440492476 0.2578659370725034 0.010259917920656676 0.020519835841313245
0 0.664329685362517 0.015047879616963064 0.015389876880985014 0.024623803009575923
0 0.26932284541723667 0.016415868673050612 0.009233926128590895 0.016415868673050612
0 0.29394664842681256 0.023939808481532147 0.013337893296853628 0.017783857729138167
0 0.20725034199726403 0.18057455540355677 0.008207934336525327 0.02188782489740081
0 0.05796853625170998 0.11696306429548564 0.011285909712722298 0.01504787961696307
0 0.2246922024623803 0.2756497948016416 0.00820793433652529 0.01778385772913815
0 0.36320109439124487 0.3768809849521204 0.010259917920656676 0.015047879616963087
0 0.5165868673050614 0.45896032831737343 0.013337893296853594 0.01778385772913822
0 0.5530095759233926 0.5690834473324213 0.008207934336525185 0.010943912448700388
0 0.9772571819425443 0.7660738714090287 0.013337893296853594 0.019151846785225645
0 0.9408344733242133 0.38645690834473323 0.012311901504787955 0.015047879616963087
0 0.9285225718194253 0.1833105335157319 0.012311901504787955 0.02188782489740081
0 0.9777701778385773 0.14979480164158687 0.010259917920656534 0.01778385772913815
0 0.9182626538987688 0.21887824897400818 0.01641586867305051 0.02188782489740081
0 0.9695622435020519 0.2606019151846785 0.012311901504787955 0.02051983584131328
0 0.8726060191518468 0.4849521203830369 0.013337893296853594 0.01778385772913815
0 0.8243844049247605 0.5225718194254446 0.017441860465116293 0.016415868673050654
0 0.7438440492476058 0.45827633378932964 0.010259917920656534 0.016415868673050654
0 0.6858755129958959 0.9835841313269493 0.011285909712722315 0.02462380300957591
0 0.26880984952120385 0.5861833105335157 0.012311901504787955 0.015047879616963087
0 0.9428864569083447 0.19562243502051985 0.010259917920656818 0.01641586867305062
0 0.932626538987688 0.20725034199726403 0.012311901504787955 0.015047879616963087
0 0.8997948016415868 0.10054719562243503 0.010259917920656676 0.017783857729138167
0 0.7761627906976745 0.46785225718194257 0.013337893296853594 0.016415868673050654
0 0.9177496580027359 0.4008207934336525 0.011285909712722173 0.019151846785225714
0 0.8864569083447331 0.4514363885088919 0.010259917920656676 0.01641586867305058
0 0.6053351573187414 0.4398084815321478 0.010259917920656605 0.01778385772913815
0 0.27291381668946646 0.21614227086183313 0.008207934336525327 0.01641586867305062
0 0.929548563611491 0.5136798905608755 0.018467852257181932 0.015047879616963016
