0 0.4641287205170832 0.7204058107981933 0.0253161120282045 0.02795320703114257
0 0.5925552471601624 0.6439300557129922 0.02584353102879206 0.02689836902996731
0 0.7613293273481926 0.7204058107981933 0.014240313015865098 0.01634998901821518
0 0.7473527238326213 0.3527947673886402 0.021096760023503833 0.02162417902409139
0 0.5487794701113922 0.306118185836638 0.01529515101704014 0.014767732016452656
0 0.05168706205758436 0.3778471699165509 0.01793224601997821 0.01793224601997828
0 0.6044221746733832 0.17879504119919448 0.012658056014102215 0.014767732016452656
0 0.7128067792941338 0.12921765514396064 0.014240313015864956 0.012658056014102286
0 0.8586381329566035 0.06724592257491828 0.014767732016452585 0.014240313015865062
0 0.5962471801642755 0.08544187809519029 0.011075799012339474 0.011603218012927075
0 0.2705659473014359 0.8947799093827749 0.01582257001762777 0.015295151017040211
0 0.4150787534624368 0.8784299203645596 0.010548380011751917 0.013185475014689984
0 0.4839069330391179 0.8702549258554518 0.011075799012339545 0.013712894015277612
0 0.8509905574480834 0.8048549697825901 0.014240313015865098 0.011603218012926958
0 0.7750422213634698 0.8657718643504572 0.008966123009989104 0.012130637013514729
