0 0.3981697819314642 0.22585669781931464 0.01752336448598129 0.028037383177570093
0 0.5023364485981309 0.26246105919003115 0.015576323987538956 0.02647975077881618
0 0.580704828660436 0.38707165109034264 0.022390965732087195 0.023364485981308362
0 0.601148753894081 0.3691588785046729 0.01849688473520253 0.021806853582554523
0 0.5257009345794392 0.49688473520249216 0.015576323987538956 0.028037383177570093
0 0.5013629283489096 0.5202492211838006 0.01752336448598129 0.015576323987538956
0 0.49162772585669784 0.4781931464174455 0.017523364485981362 0.028037383177570093
0 0.4629088785046729 0.4797507788161994 0.014602803738317788 0.018691588785046776
0 0.40206386292834895 0.5521806853582555 0.015576323987538885 0.026479750778816254
0 0.434190031152648 0.5630841121495327 0.011682242990654217 0.017133956386292865
0 0.46339563862928346 0.5436137071651089 0.01362928348909655 0.015576323987538956
0 0.4809190031152648 0.5545171339563864 0.01752336448598129 0.021806853582554523
0 0.5495521806853582 0.6246105919003115 0.02044392523364493 0.028037383177570093
0 0.5753504672897196 0.6152647975077881 0.025311526479750768 0.04672897196261687
0 0.5972546728971964 0.5607476635514018 0.012655763239875384 0.024922118380062343
0 0.6220794392523364 0.5950155763239875 0.023364485981308435 0.024922118380062273
0 0.5714563862928348 0.9221183800623052 0.02141744548286603 0.03738317757009341
0 0.30909267912772587 0.8520249221183801 0.0243380062305296 0.03426791277258559
0 0.25360202492211836 0.8271028037383178 0.022390965732087195 0.028037383177570093
0 0.2901090342679128 0.9649532710280374 0.019470404984423696 0.023364485981308577
0 0.3003309968847352 0.3652647975077882 0.01654984423676009 0.02647975077881618
0 0.3222352024922118 0.3294392523364486 0.01557632398753892 0.029595015576324
0 0.3543613707165109 0.3465732087227414 0.011682242990654146 0.020249221183800615
0 0.3694509345794393 0.3130841121495327 0.01654984423676005 0.034267912772585694
0 0.38210669781931467 0.3940809968847352 0.014602803738317788 0.015576323987538956
0 0.39816978193146413 0.42133956386292837 0.01362928348909655 0.029595015576324
0 0.19665109034267914 0.5116822429906541 0.019470404984423643 0.03271028037383175
0 0.5437110591900312 0.38161993769470404 0.01849688473520253 0.028037383177570093
0 0.5349493769470405 0.42601246105919005 0.014602803738317648 0.014018691588785047
0 0.4950350467289719 0.411993769470405 0.01460280373831786 0.020249221183800615
0 0.5072040498442367 0.4306853582554517 0.01752336448598129 0.023364485981308435
0 0.4599883177570094 0.4127725856697819 0.012655763239875384 0.021806853582554523
0 0.4298091900311526 0.35669781931464173 0.016549844236760123 0.03426791277258566
0 0.4229945482866043 0.3442367601246106 0.02433800623052953 0.03426791277258566
0 0.5938473520249221 0.1277258566978193 0.019470404984423696 0.031152647975077875
0 0.6644275700934577 0.19859813084112146 0.02044392523364493 0.032710280373831786
0 0.6055295950155763 0.42834890965732086 0.019470404984423765 0.021806853582554523
0 0.6391160436137071 0.3582554517133956 0.018496884735202456 0.03738317757009341
0 0.6021222741433021 0.2889408099688473 0.01849688473520253 0.032710280373831786
0 0.5738901869158878 0.32476635514018687 0.01849688473520253 0.029595015576324036
0 0.7807632398753894 0.04517133956386292 0.01752336448598129 0.037383177570093455
0 0.8489096573208722 0.20404984423676012 0.015576323987538956 0.024922118380062308
0 0.696553738317757 0.08021806853582554 0.018496884735202456 0.03271028037383178
0 0.6386292834890965 0.01557632398753894 0.011682242990654217 0.024922118380062305
0 0.25992990654205606 0.10046728971962615 0.015576323987538944 0.02959501557632397
0 0.07934190031152648 0.2554517133956386 0.016549844236760123 0.03115264797507784
0 0.12753115264797507 0.26479750778816197 0.015576323987538937 0.024922118380062308
0 0.1927570093457944 0.249221183800623 0.025311526479750802 0.03738317757009344
0 0.22390965732087229 0.3753894080996884 0.01947040498442366 0.031152647975077837
0 0.635708722741433 0.7866043613707165 0.01752336448598129 0.028037383177570093
0 0.8654595015576324 0.4898753894080997 0.02141744548286596 0.023364485981308362
0 0.7014213395638629 0.5272585669781931 0.022390965732087268 0.014018691588785118
0 0.7452297507788163 0.49221183800623053 0.014602803738317788 0.015576323987538956
0 0.5588006230529595 0.5101246105919003 0.015576323987538885 0.029595015576323932
0 0.17279984423676012 0.6830218068535825 0.014602803738317717 0.029595015576323932
0 0.20346573208722737 0.6129283489096573 0.021417445482866063 0.026479750778816112
0 0.2219626168224299 0.6230529595015576 0.015576323987538956 0.031152647975077913
0 0.3003309968847352 0.6534267912772586 0.0243380062305296 0.029595015576324
0 0.36993769470404986 0.7040498442367601 0.02141744548286603 0.024922118380062273
0 0.4741043613707165 0.6900311526479751 0.01752336448598129 0.028037383177570093
0 0.49016744548286595 0.3582554517133956 0.022390965732087195 0.031152647975077913
0 0.6551791277258567 0.13239875389408098 0.015576323987538814 0.028037383177570076
0 0.6298676012461059 0.16199376947040497 0.0214174454828661 0.03738317757009344
0 0.46680295950155765 0.07710280373831775 0.016549844236760192 0.020249221183800622
0 0.5149922118380063 0.17834890965732086 0.013629283489096622 0.01713395638629283
0 0.48189252336448596 0.24454828660436134 0.01362928348909648 0.02180685358255449
0 0.429322429906542 0.2842679127725857 0.013629283489096622 0.0233644859813084
0 0.6658878504672897 0.3387850467289719 0.011682242990654288 0.023364485981308435
0 0.702394859813084 0.3707165109034268 0.016549844236760123 0.018691588785046776
0 0.6790303738317758 0.42601246105919005 0.016549844236760265 0.03271028037383175
0 0.6712422118380061 0.4034267912772586 0.014602803738317788 0.018691588785046703
0 0.6946066978193146 0.6814641744548287 0.030179127725856746 0.045171339563862885
0 0.6707554517133957 0.7647975077881619 0.013629283489096764 0.028037383177570093
0 0.6138045171339563 0.6853582554517134 0.012655763239875384 0.031152647975077913
0 0.6288940809968847 0.7157320872274144 0.017523364485981362 0.026479750778816112
0 0.9764408099688473 0.4400311526479751 0.025311526479750768 0.020249221183800615
0 0.8727609034267912 0.8489096573208722 0.014602803738317788 0.024922118380062273
0 0.4259151090342679 0.7515576323987538 0.018496884735202456 0.026479750778816254
0 0.6065031152647974 0.8068535825545172 0.02141744548286603 0.024922118380062416
0 0.2779400311526479 0.8232087227414331 0.014602803738317753 0.014018691588785118
0 0.038940809968847356 0.5856697819314641 0.015576323987538943 0.031152647975077913
0 0.047702492211838005 0.6098130841121495 0.02141744548286605 0.029595015576324
0 0.347059968847352 0.5350467289719626 0.014602803738317788 0.023364485981308435
0 0.4848130841121495 0.42912772585669784 0.019470404984423623 0.023364485981308362
0 0.5062305295950155 0.4618380062305296 0.015576323987538885 0.023364485981308435
0 0.4804322429906541 0.3302180685358255 0.022390965732087195 0.024922118380062308
0 0.5227803738317757 0.32165109034267914 0.023364485981308504 0.032710280373831786
0 0.6113707165109034 0.2507788161993769 0.013629283489096693 0.028037383177570055
0 0.7710280373831776 0.6674454828660435 0.017523364485981147 0.026479750778816254
0 0.7612928348909657 0.5202492211838006 0.019470404984423623 0.03738317757009348
0 0.7082359813084111 0.589563862928349 0.02044392523364479 0.03271028037383182
0 0.667834890965732 0.528816199376947 0.02141744548286596 0.03271028037383175
