0 0.24012474012474008 0.8295218295218294 0.01715176715176714 0.024948024948024995
0 0.5640592515592515 0.5826403326403325 0.02728690228690219 0.03638253638253644
0 0.48453742203742195 0.5535343035343034 0.01637214137214137 0.021829521829521782
0 0.375 0.46829521829521825 0.015592515592515567 0.021829521829521782
0 0.5617203742203742 0.2635135135135135 0.0163721413721413 0.02598752598752597
0 0.4046257796257796 0.10239085239085238 0.015592515592515638 0.017671517671517662
0 0.5204002079002079 0.1185031185031185 0.01013513513513523 0.014553014553014556
0 0.8685031185031185 0.14137214137214135 0.01091476091476082 0.01247401247401246
0 0.8291320166320166 0.5717255717255716 0.010135135135135158 0.01455301455301452
0 0.706730769230769 0.6964656964656964 0.014812889812889836 0.016632016632016616
0 0.5593814968814967 0.7520790020790019 0.010135135135135087 0.015592515592515638
0 0.4295738045738045 0.713097713097713 0.009355509355509354 0.01871101871101885
0 0.3808471933471933 0.6954261954261953 0.010135135135135158 0.01871101871101871
0 0.3512214137214137 0.9828482328482326 0.014812889812889836 0.021829521829521782
0 0.17151767151767153 0.8388773388773387 0.009355509355509354 0.01871101871101885
0 0.20465176715176714 0.2505197505197505 0.011694386694386693 0.01871101871101871
0 0.3457640332640332 0.18866943866943864 0.010135135135135158 0.017671517671517697
0 0.5968035343035343 0.3643451143451143 0.008575883575883552 0.015592515592515638
0 0.7901507276507276 0.2588357588357588 0.011694386694386764 0.01247401247401246
0 0.8813669438669439 0.2182952182952183 0.010135135135135016 0.01663201663201665
0 0.8677234927234926 0.19074844074844072 0.010914760914760962 0.013513513513513544
0 0.7227130977130978 0.045738045738045734 0.01091476091476082 0.014553014553014556
0 0.5554970723427755 0.003638253638253638 0.00698922329781702 0.007276507276507276
0 0.3644750519750519 0.039501039501039496 0.011694386694386622 0.020790020790020788
0 0.5051975051975052 0.37941787941787936 0.017151767151767104 0.020790020790020805
0 0.5593814968814969 0.38305613305613306 0.011694386694386622 0.017671517671517662
0 0.6162941787941787 0.4844074844074844 0.014812889812889765 0.01871101871101871
0 0.46660602910602905 0.4158004158004158 0.010135135135135087 0.016632016632016685
0 0.19763513513513511 0.3539501039501039 0.011694386694386693 0.015592515592515638
0 0.22024428274428273 0.3627858627858627 0.013253638253638228 0.016632016632016616
0 0.17775467775467774 0.29937629937629934 0.009355509355509354 0.01663201663201665
0 0.11694386694386694 0.29573804573804574 0.015592515592515604 0.015592515592515567
0 0.058861746361746355 0.2905405405405405 0.014812889812889809 0.017671517671517627
0 0.0873180873180873 0.18347193347193347 0.01247401247401248 0.01975051975051976
