0 0.7568809849521204 0.3761969904240766 0.06757865937072509 0.0738714090287278
0 0.45334017327861376 0.27975376196990426 0.08222070223438216 0.08618331053351572
0 0.3744984040127679 0.14705882352941177 0.050683994528043785 0.058823529411764726
0 0.831217510259918 0.05540355677154583 0.05631554947560431 0.056087551299589616
0 0.9545485636114912 0.3036935704514364 0.043926128590971274 0.06019151846785228
0 0.7777177382580939 0.253077975376197 0.05068399452804371 0.05745554035567718
0 0.8548700410396717 0.2811217510259918 0.06532603739170086 0.06429548563611491
0 0.8582489740082079 0.6285909712722298 0.042799817601459296 0.04787961696306439
0 0.8013702690378477 0.6231190150478796 0.03716826265389884 0.04787961696306425
0 0.7957387140902873 0.7175102599179206 0.028157774737802156 0.039671682626538994
0 0.6510077519379845 0.8030095759233926 0.04054719562243499 0.04924760601915182
0 0.6205973552211583 0.6258549931600547 0.04279981760145915 0.04787961696306432
0 0.535560875512996 0.6997264021887826 0.04392612859097134 0.04787961696306439
0 0.5569607843137254 0.746922024623803 0.03266301869585043 0.03830369357045143
0 0.4522138622891017 0.8440492476060192 0.043926128590971274 0.05198358413132695
0 0.42912448700410394 0.9309165526675787 0.036041951664386646 0.04514363885088926
0 0.8937277701778386 0.8543091655266757 0.030410396716826257 0.039671682626538994
0 0.9832694938440493 0.6395348837209301 0.024778841769265796 0.042407660738714055
0 0.36098267213862284 0.5861833105335158 0.03942088463292286 0.04240766073871413
0 0.0833470132238942 0.7763337893296852 0.05181030551755586 0.050615595075239384
0 0.268062015503876 0.679890560875513 0.040547195622435056 0.05198358413132695
0 0.38012995896032836 0.37824897400820795 0.041673506611947034 0.039671682626538994
0 0.2765093479252166 0.32216142270861836 0.030410396716826292 0.05061559507523945
0 0.22188326493388055 0.19767441860465115 0.033789329685362475 0.036935704514363864
0 0.3176196990424077 0.22435020519835838 0.04279981760145919 0.054719562243502044
0 0.02928408572731418 0.05745554035567716 0.031536707706338346 0.05745554035567716
0 0.09348381212950295 0.38440492476060195 0.04505243958048335 0.057455540355677216
0 0.20667806657546742 0.41450068399452805 0.03942088463292293 0.04103967168262656
0 0.5383766529867762 0.472640218878249 0.027031463748289967 0.0341997264021888
0 0.4617875056999544 0.13611491108071136 0.029284085727314207 0.039671682626538994
0 0.7135180118559051 0.14500683994528044 0.041673506611947034 0.04377564979480166
0 0.6217236662106703 0.21477428180574556 0.036041951664386646 0.041039671682626525
0 0.6617077063383493 0.8905608755129958 0.0349156406748746 0.03830369357045143
0 0.7546283629730962 0.5300957592339262 0.036041951664386715 0.039671682626538994
0 0.8813383492932058 0.4746922024623803 0.0326630186958505 0.03830369357045143
0 0.3998404012767898 0.5465116279069768 0.029284085727314134 0.0341997264021888
0 0.4386981304149567 0.7181942544459645 0.025905152758777916 0.03283173734610131
0 0.6915549475604196 0.7195622435020519 0.029284085727314276 0.03830369357045143
0 0.6431235750113999 0.6792065663474692 0.022526219790241626 0.03419972640218873
0 0.670718194254446 0.4705882352941177 0.028157774737802014 0.03283173734610124
0 0.4775558595531236 0.4158686730506156 0.029284085727314207 0.03830369357045143
0 0.3733720930232558 0.41928864569083446 0.021399908800729575 0.028727770177838535
0 0.574981760145919 0.051299589603283166 0.0349156406748746 0.03967168262653899
0 0.13909940720474234 0.893296853625171 0.030410396716826275 0.04377564979480155
0 0.34690378476972183 0.7906976744186047 0.031536707706338374 0.03830369357045143
0 0.41110351117191063 0.9794801641586867 0.036041951664386715 0.04103967168262656
0 0.6262289101687187 0.9740082079343365 0.02477884176926594 0.038303693570451575
0 0.7777177382580939 0.9254445964432284 0.028157774737802156 0.039671682626538994
0 0.9432854537163703 0.7920656634746922 0.0326630186958505 0.04103967168262642
0 0.3001618787049704 0.9500683994528043 0.028157774737802087 0.031463748290013596
0 0.19372549019607846 0.9021887824897399 0.02703146374829 0.03419972640218887
0 0.403219334245326 0.6518467852257182 0.031536707706338374 0.036935704514363864
0 0.2190674874601003 0.585499316005472 0.02365253077975378 0.03283173734610124
0 0.12164158686730507 0.5253077975376197 0.03153670770633834 0.0355677154582763
0 0.1008048335613315 0.46785225718194257 0.021399908800729596 0.030095759233926104
0 0.1999202006383949 0.2612859097127223 0.021399908800729575 0.027359781121751005
0 0.34690378476972183 0.3365253077975376 0.031536707706338374 0.03283173734610124
0 0.29115139078887375 0.393296853625171 0.037168262653898804 0.03967168262653906
0 0.45277701778385776 0.0560875512995896 0.027031463748290036 0.038303693570451436
0 0.9629958960328318 0.17783857729138167 0.031536707706338235 0.03830369357045143
0 0.8954172366621068 0.21819425444596444 0.031536707706338374 0.039671682626538994
0 0.9494801641586866 0.48768809849521205 0.029284085727314134 0.036935704514363864
0 0.899359325125399 0.8009575923392611 0.03266301869585035 0.045143638850889116
0 0.7788440492476062 0.9842681258549932 0.025905152758777916 0.031463748290013596
0 0.48600319197446423 0.7366621067031464 0.025905152758777916 0.04514363885088926
0 0.6566393068855451 0.7120383036935704 0.0225262197902417 0.028727770177838608
0 0.6876128590971271 0.554719562243502 0.025905152758777916 0.03419972640218866
0 0.44095075239398085 0.6183310533515732 0.025905152758777916 0.03009575923392603
0 0.4623506611947104 0.5170998632010944 0.019147286821705408 0.027359781121751112
0 0.5310556315549476 0.31258549931600543 0.02365253077975382 0.031463748290013666
0 0.4195508435932513 0.13748290013679892 0.028157774737802156 0.03693570451436388
0 0.4043456452348381 0.08755129958960328 0.024778841769265866 0.030095759233926128
0 0.12107843137254903 0.22093023255813954 0.025905152758777934 0.039671682626538994
0 0.013515731874145008 0.9247606019151846 0.027031463748290015 0.04924760601915196
0 0.010699954400364798 0.4302325581395349 0.021399908800729596 0.045143638850889116
0 0.22075695394436845 0.9466484268125854 0.027031463748290036 0.03283173734610131
0 0.2759461924304606 0.8160054719562244 0.020273597811217493 0.031463748290013596
0 0.02703146374829002 0.6025991792065664 0.022526219790241678 0.03419972640218873
0 0.05631554947560419 0.6785225718194254 0.02928408572731418 0.03283173734610131
0 0.7901071591427268 0.15047879616963067 0.025905152758777916 0.03009575923392612
0 0.48994528043775654 0.17099863201094392 0.0225262197902417 0.027359781121751005
0 0.28889876880984955 0.49110807113543087 0.021399908800729613 0.03556771545827637
0 0.42574555403556774 0.34883720930232553 0.0225262197902417 0.03830369357045143
