0 0.6635514018691588 0.1954828660436137 0.1059190031152648 0.09501557632398755
0 0.3574766355140187 0.3271028037383178 0.06386292834890973 0.03738317757009348
0 0.39096573208722746 0.08644859813084112 0.0467289719626168 0.051401869158878497
0 0.04595015576323988 0.5295950155763239 0.03582554517133956 0.03738317757009341
0 0.08177570093457945 0.5366043613707165 0.04517133956386293 0.03582554517133957
0 0.035046728971962614 0.7757009345794392 0.04517133956386292 0.03738317757009341
0 0.4205607476635514 0.7889408099688474 0.056074766355140186 0.0545171339563862
0 0.5459501557632399 0.7476635514018691 0.04205607476635514 0.04049844236760123
0 0.8029595015576325 0.646417445482866 0.03271028037383175 0.03426791277258573
0 0.57398753894081 0.8473520249221184 0.04517133956386296 0.031152647975077913
0 0.7032710280373832 0.8348909657320871 0.038940809968847245 0.03738317757009341
0 0.10747663551401868 0.9524922118380063 0.049844236760124595 0.04828660436137085
0 0.24766355140186913 0.9158878504672898 0.03426791277258566 0.03426791277258573
0 0.27336448598130836 0.8317757009345794 0.038940809968847356 0.031152647975077913
0 0.5747663551401868 0.5646417445482865 0.03426791277258566 0.03582554517133957
0 0.6518691588785046 0.557632398753894 0.04205607476635507 0.024922118380062273
0 0.7313084112149534 0.5490654205607477 0.023364485981308435 0.023364485981308362
0 0.9400311526479751 0.46651090342679125 0.026479750778816112 0.023364485981308435
0 0.4517133956386293 0.6962616822429908 0.03426791277258566 0.03738317757009341
0 0.04127725856697819 0.6947040498442368 0.04205607476635514 0.03115264797507777
0 0.033489096573208726 0.28348909657320864 0.04205607476635514 0.024922118380062308
0 0.12149532710280372 0.3457943925233644 0.04361370716510903 0.03738317757009348
0 0.2671339563862928 0.14719626168224298 0.032710280373831786 0.029595015576324
0 0.29283489096573206 0.10903426791277258 0.04049844236760123 0.03426791277258566
0 0.366822429906542 0.14330218068535824 0.04205607476635514 0.031152647975077875
0 0.5685358255451713 0.46028037383177567 0.03115264797507784 0.03582554517133957
0 0.6417445482866043 0.4587227414330218 0.04361370716510912 0.02647975077881618
0 0.8722741433021807 0.1721183800623053 0.031152647975077913 0.023364485981308435
0 0.9244548286604362 0.14953271028037382 0.04205607476635521 0.024922118380062325
0 0.8512461059190031 0.7056074766355139 0.026479750778816254 0.03426791277258559
0 0.8792834890965733 0.6806853582554517 0.023364485981308435 0.03426791277258559
0 0.8068535825545172 0.86993769470405 0.03426791277258559 0.04205607476635507
0 0.7258566978193146 0.9088785046728972 0.024922118380062273 0.029595015576324074
0 0.4299065420560747 0.9384735202492211 0.03738317757009348 0.023364485981308435
0 0.49065420560747663 0.8738317757009346 0.03426791277258559 0.028037383177570093
0 0.39096573208722746 0.985981308411215 0.03738317757009348 0.028037383177570093
0 0.20638629283489096 0.3411214953271028 0.01713395638629283 0.015576323987538956
0 0.16121495327102803 0.2515576323987539 0.029595015576324 0.029595015576323967
0 0.32009345794392524 0.27647975077881615 0.0358255451713396 0.02647975077881618
0 0.44548286604361365 0.2866043613707165 0.03115264797507784 0.03738317757009348
0 0.4789719626168224 0.19781931464174454 0.02647975077881618 0.028037383177570093
0 0.5794392523364486 0.17601246105919002 0.031152647975077913 0.021806853582554523
0 0.6199376947040498 0.6051401869158879 0.024922118380062343 0.023364485981308362
0 0.6456386292834891 0.6043613707165109 0.029595015576323932 0.03115264797507784
0 0.985981308411215 0.853582554517134 0.028037383177570093 0.03738317757009341
0 0.9353582554517135 0.6362928348909658 0.023364485981308435 0.023364485981308435
0 0.7087227414330218 0.6713395638629284 0.021806853582554596 0.018691588785046634
0 0.19470404984423673 0.5101246105919003 0.031152647975077875 0.023364485981308435
0 0.24299065420560745 0.4984423676012461 0.024922118380062308 0.028037383177570093
0 0.3800623052959502 0.4026479750778816 0.056074766355140186 0.03894080996884732
0 0.5926791277258567 0.3426791277258567 0.0358255451713395 0.024922118380062273
0 0.7601246105919003 0.323208722741433 0.024922118380062273 0.020249221183800615
0 0.7928348909657322 0.3956386292834891 0.08411214953271028 0.11838006230529594
0 0.8901869158878506 0.046728971962616814 0.029595015576324074 0.037383177570093455
0 0.18302180685358255 0.06386292834890965 0.02647975077881618 0.021806853582554506
0 0.20560747663551399 0.09890965732087227 0.03738317757009344 0.038940809968847356
0 0.09190031152647976 0.059968847352024915 0.04361370716510903 0.029595015576323984
0 0.0911214953271028 0.396417445482866 0.03582554517133957 0.029595015576323932
0 0.024922118380062305 0.4345794392523365 0.037383177570093455 0.03426791277258566
0 0.10514018691588785 0.6767912772585669 0.032710280373831786 0.023364485981308435
0 0.16355140186915887 0.6549844236760124 0.03426791277258566 0.0358255451713395
0 0.24454828660436134 0.7943925233644858 0.0467289719626168 0.043613707165109046
0 0.2975077881619937 0.6370716510903427 0.031152647975077875 0.021806853582554596
0 0.3364485981308411 0.6752336448598132 0.028037383177570093 0.029595015576324074
0 0.42601246105919005 0.7242990654205608 0.051401869158878524 0.021806853582554596
0 0.5919003115264797 0.8068535825545172 0.03738317757009348 0.03738317757009341
0 0.8107476635514028 0.9867601246105921 0.060747663551402015 0.026479750778816005
0 0.6635514018691588 0.5319314641744548 0.031152647975077913 0.029595015576324
0 0.5046728971962616 0.09735202492211836 0.028037383177570093 0.029595015576323984
0 0.5482866043613707 0.04205607476635514 0.03426791277258566 0.040498442367601244
0 0.6137071651090342 0.08566978193146417 0.031152647975077913 0.028037383177570093
0 0.1557632398753894 0.033489096573208726 0.040498442367601264 0.038940809968847356
0 0.014797507788161992 0.057892000192422355 0.029595015576323984 0.03478711564964223
0 0.1791277258566978 0.5973520249221184 0.018691588785046703 0.02647975077881618
0 0.3878504672897196 0.46339563862928346 0.028037383177570093 0.02647975077881618
0 0.5490654205607476 0.26947040498442365 0.04517133956386303 0.03738317757009348
