0 0.3772204806687566 0.5673082549634274 0.008359456635318665 0.028033437826541246
0 0.40151515151515155 0.6093584117032392 0.007836990595611368 0.02360710553814009
0 0.3508359456635318 0.5946039707419019 0.00992685475444098 0.02950888192267506
0 0.4393939393939394 0.33492580982236153 0.009404388714733614 0.026557993730407504
0 0.30538140020898646 0.017705329153605016 0.013061650992685471 0.03541065830721003
0 0.2583594566353187 0.20951306165099268 0.008881922675026103 0.0206562173458725
0 0.02638453500522466 0.03836154649947754 0.010971786833855801 0.029508881922675027
0 0.026384535005224658 0.07524764890282132 0.006792058516196447 0.029508881922675024
0 0.03761755485893417 0.5923908045977011 0.011494252873563222 0.03098432601880887
0 0.034482758620689655 0.6455067920585162 0.0083594566353187 0.02803343782654139
0 0.03761755485893417 0.7119017763845349 0.011494252873563222 0.02508254963427376
0 0.027690700104493208 0.8712497387669802 0.008359456635318705 0.028033437826541246
0 0.1423719958202717 0.6455067920585162 0.010971786833855806 0.03688610240334377
0 0.1729362591431557 0.6373918495297806 0.0083594566353187 0.02950888192267499
0 0.8406478578892372 0.7052622779519331 0.01044932079414835 0.026557993730407504
0 0.7941483803552768 0.855019853709509 0.01044932079414835 0.025082549634273903
0 0.7756008359456635 0.7819853709508883 0.008881922675026032 0.02950888192267513
0 0.6201671891327064 0.7701818181818183 0.009404388714733614 0.026557993730407504
0 0.6209508881922675 0.8601839080459771 0.007836990595611297 0.02360710553814002
0 0.5757575757575758 0.9737931034482759 0.009404388714733543 0.026557993730407504
0 0.8176593521421107 0.41902612330198535 0.007314524555903859 0.02950888192267506
0 0.7513061650992685 0.5215694879832812 0.009404388714733614 0.028033437826541316
0 0.7233542319749217 0.2213166144200627 0.007836990595611297 0.029508881922675024
0 0.6131138975966564 0.20508672936259145 0.008881922675026103 0.0206562173458725
0 0.622257053291536 0.267055381400209 0.00731452455590393 0.02360710553814002
0 0.6337513061650992 0.30172831765935215 0.008359456635318736 0.022131661442006276
0 0.6253918495297807 0.3784514106583072 0.008359456635318665 0.0309843260188088
0 0.6055381400208987 0.41902612330198535 0.009404388714733543 0.020656217345872464
0 0.49268547544409613 0.18000417972831767 0.008359456635318665 0.02360710553814002
0 0.5676593521421107 0.21025078369905956 0.007836990595611226 0.025082549634273796
0 0.6363636363636364 0.1785287356321839 0.00731452455590393 0.020656217345872533
0 0.6781609195402298 0.21467711598746086 0.007314524555903859 0.025082549634273796
0 0.7863113897596656 0.22869383490073147 0.007314524555903859 0.02655799373040754
0 0.8045977011494253 0.24344827586206896 0.006269592476488981 0.020656217345872533
0 0.862330198537095 0.34156530825496345 0.006792058516196278 0.01918077324973879
0 0.9164054336468129 0.37328735632183907 0.01044932079414835 0.03245977011494254
0 0.8850574712643678 0.38361546499477533 0.007314524555903859 0.020656217345872533
0 0.9764890282131661 0.40500940438871474 0.012539184952977962 0.03098432601880873
0 0.9913793103448276 0.31869592476489034 0.007836990595611154 0.026557993730407504
0 0.8934169278996865 0.7133772204806687 0.004179728317659368 0.013278996865203823
0 0.8832288401253919 0.7377220480668757 0.008881922675026174 0.020656217345872533
0 0.8414315569487982 0.7273939393939395 0.007836990595611297 0.020656217345872533
0 0.8766980146290492 0.9051849529780562 0.010449320794148492 0.022131661442006276
0 0.8090386624869385 0.8882173458725182 0.007836990595611297 0.02360710553814002
0 0.7656739811912225 0.9516614420062696 0.005747126436781685 0.026557993730407646
0 0.796760710553814 0.6595235109717867 0.007314524555903859 0.026557993730407504
0 0.794932079414838 0.713377220480669 0.005747126436781685 0.01918077324973879
0 0.762539184952978 0.7517387669801462 0.005747126436781542 0.01918077324973879
0 0.6055381400208987 0.61157157784744 0.007314524555903859 0.02508254963427376
0 0.5491118077324973 0.5245203761755487 0.009404388714733614 0.025082549634273688
0 0.5663531870428422 0.4596008359456636 0.006269592476489052 0.028033437826541246
0 0.43103448275862066 0.9206771159874608 0.013584117032392911 0.026557993730407504
0 0.4004702194357367 0.919939393939394 0.00679205851619642 0.02508254963427376
0 0.35867293625914315 0.783460815047022 0.008881922675026103 0.026557993730407646
0 0.4106583072100313 0.7000982236154649 0.007314524555903859 0.025082549634273903
0 0.4678683385579937 0.919939393939394 0.0057471264367816135 0.019180773249738648
0 0.33881922675026116 0.99353605015674 0.007836990595611226 0.012927899686520306
0 0.2664576802507837 0.7399352142110763 0.005224660397074139 0.01918077324973879
0 0.2332810867293626 0.6801797283176595 0.0057471264367816135 0.020656217345872533
0 0.213166144200627 0.6432936259143156 0.006269592476489017 0.02360710553814002
0 0.2084639498432602 0.6123092998955068 0.006269592476489052 0.014754440961337495
0 0.13636363636363635 0.4662403343782654 0.011494252873563227 0.02950888192267506
0 0.11624869383490072 0.5112413793103449 0.009926854754440963 0.028033437826541246
0 0.12199582027168233 0.21393939393939396 0.00783699059561128 0.02360710553814002
0 0.10240334378265413 0.3430407523510972 0.007314524555903859 0.022131661442006206
0 0.0903866248693835 0.15934796238244517 0.00940438871473356 0.02360710553814002
0 0.11886102403343783 0.025820271682340648 0.0067920585161964555 0.02803343782654127
0 0.06870428422152561 0.12836363636363637 0.006792058516196447 0.020656217345872533
0 0.07210031347962383 0.20361128526645766 0.006269592476489034 0.02360710553814002
0 0.04649947753396029 0.2736948798328109 0.007314524555903867 0.019180773249738756
0 0.07863113897596657 0.8646102403343784 0.007836990595611288 0.02360710553814002
0 0.3594566353187043 0.12098641588296762 0.006269592476488981 0.020656217345872516
0 0.3785266457680251 0.0995924764890282 0.010971786833855787 0.033935214211076266
0 0.46264367816091956 0.12098641588296762 0.007836990595611297 0.020656217345872516
0 0.4563740856844305 0.07893625914315569 0.00679205851619642 0.02213166144200627
0 0.48484848484848486 0.06418181818181817 0.007314524555903859 0.02213166144200627
0 0.632183908045977 0.030246603970741904 0.006269592476489052 0.019180773249738766
0 0.6721525600835946 0.1150846394984326 0.007836990595611297 0.02655799373040754
0 0.662748171368861 0.1851682340647858 0.007836990595611154 0.03688610240334377
0 0.7693312434691745 0.1608234064785789 0.007836990595611297 0.02950888192267504
0 0.981191222570533 0.2914002089864159 0.009404388714733472 0.025082549634273796
0 0.9796238244514106 0.3150073145245559 0.006269592476488839 0.02508254963427376
0 0.9798850574712642 0.1947586206896552 0.005747126436781542 0.0206562173458725
0 0.9877220480668757 0.10992058516196447 0.006792058516196562 0.02803343782654128
0 0.9177115987460814 0.557717868338558 0.007836990595611297 0.020656217345872533
0 0.8312434691745036 0.5422257053291536 0.007314524555903859 0.022131661442006276
0 0.9542842215256008 0.6108338557993731 0.00679205851619642 0.02360710553814002
0 0.9895506792058515 0.48615882967607105 0.005224660397074246 0.016229885057471236
0 0.9926854754440961 0.4013207941483804 0.006269592476488981 0.026557993730407504
0 0.997387669801463 0.8129696969696968 0.0052246603970741035 0.020656217345872533
0 0.9498432601880878 0.9870721003134796 0.006269592476488839 0.020656217345872533
0 0.9864158829676071 0.8948568443051201 0.007314524555903859 0.022131661442006276
0 0.9971264367816092 0.9876342737722048 0.005747126436781685 0.024731452455590386
0 0.5890804597701149 0.7237053291536051 0.007836990595611297 0.022131661442006276
0 0.45585161964472304 0.8269864158829676 0.013061650992685471 0.028033437826541246
0 0.5206374085684431 0.7886248693834901 0.008881922675026174 0.02508254963427362
0 0.4762277951933125 0.9295297805642633 0.006792058516196491 0.02360710553814016
0 0.4720480668756531 0.8801024033437826 0.0036572622779519294 0.010328108672936195
0 0.44566353187042845 0.48542110762800417 0.008359456635318736 0.02360710553814002
0 0.5206374085684431 0.23975966562173462 0.007836990595611226 0.02803343782654128
0 0.4997387669801463 0.29435109717868335 0.007836990595611297 0.025082549634273726
0 0.4945141065830721 0.255251828631139 0.008881922675026032 0.023607105538140053
0 0.45062695924764895 0.21025078369905956 0.012016718913270594 0.03393521421107632
0 0.41875653082549635 0.19402089864158828 0.008881922675026174 0.03393521421107629
0 0.27298850574712646 0.2759080459770115 0.006792058516196384 0.017705329153605013
0 0.26306165099268547 0.3046792058516196 0.00992685475444098 0.02213166144200624
0 0.1841692789968652 0.22721839080459774 0.008881922675026103 0.017705329153605013
0 0.15830721003134796 0.36074608150470217 0.009404388714733525 0.022131661442006276
0 0.11572622779519331 0.44115778474399164 0.00783699059561128 0.02360710553814002
0 0.28030303030303033 0.9413333333333332 0.00888192267502614 0.01770532915360505
