0 0.607793774966711 0.9274300932090546 0.05799558921438084 0.07323568575233025
0 0.8612344998335553 0.5013315579227696 0.056835677430093344 0.06524633821571242
0 0.5631371712716378 0.2689747003994674 0.054515853861518054 0.07723035952063913
0 0.5840155833888149 0.1291611185086551 0.038277088881491395 0.04527296937416778
0 0.48832286118508655 0.08988015978695073 0.05335594207723034 0.04926764314247669
0 0.7788807631491343 0.29693741677762986 0.022038323901464735 0.04527296937416775
0 0.8548549850199734 0.3462050599201065 0.034797353528628464 0.03994673768308921
0 0.8971917651464714 0.44407456724367506 0.03827708888149118 0.05725699067909453
0 0.6460708638482023 0.34354194407456723 0.05103611850865512 0.047936085219707006
0 0.7040664530625831 0.4547270306258322 0.05335594207723034 0.07323568575233025
0 0.7852602779627164 0.5332889480692411 0.03711717709720375 0.04394141145139813
0 0.12817025216378164 0.614513981358189 0.0568356774300932 0.06524633821571228
0 0.19254535619174434 0.6997336884154461 0.05103611850865512 0.09187749667110523
0 0.39668983022636484 0.855525965379494 0.0487162949400799 0.051930758988015954
0 0.24996098951398132 0.26564580559254325 0.04987620672436752 0.04660452729693741
0 0.3665321238348868 0.2822902796271638 0.034797353528628464 0.04527296937416775
0 0.4332270514314247 0.3581890812250333 0.038277088881491325 0.037283621837549956
0 0.3897303595206391 0.44806924101198403 0.03479735352862853 0.04926764314247663
0 0.08757333971371505 0.3235685752330226 0.03363744174434087 0.04527296937416778
0 0.015078853195739013 0.8175765645805592 0.030157706391478026 0.05592543275632494
0 0.7817805426098536 0.618508655126498 0.025518059254327596 0.03328894806924112
0 0.4071290362849534 0.5798934753661784 0.03711717709720368 0.0492676431424767
0 0.365952167942743 0.6271637816245006 0.04523655958721704 0.05059920106524643
0 0.2627200191411451 0.5292942743009321 0.015078853195738979 0.025299600532623145
0 0.31955569657123833 0.651797603195739 0.022038323901464735 0.043941411451398196
0 0.4430863015978695 0.49533954727030627 0.0394370006657789 0.03994673768308914
0 0.8061386900798934 0.9121171770972037 0.02087841211717702 0.03195739014647131
0 0.9865829935086551 0.8601864181091878 0.0268340129826899 0.026631158455392667
0 0.03421739763648469 0.40812250332889477 0.026677971038615182 0.03595206391478022
0 0.07249448651797603 0.4520639147802929 0.02667797103861518 0.03595206391478022
0 0.12991011984021306 0.41145139813581894 0.023198235685752328 0.037283621837549887
0 0.35899269723701727 0.151797603195739 0.022038323901464735 0.03462050599201065
0 0.1548482232023968 0.8162450066577895 0.02435814747003995 0.034620505992010775
