0 0.34099688473520245 0.3652647975077882 0.0314766355140187 0.04828660436137078
0 0.8063264797507788 0.45716510903426794 0.036722741433021754 0.03582554517133957
0 0.8540660436137071 0.3465732087227414 0.029378193146417573 0.05451713395638631
0 0.9873171339563862 0.4618380062305296 0.018885981308411175 0.026479750778816254
0 0.8724274143302179 0.7445482866043613 0.024132087227414303 0.031152647975077913
0 0.4286068535825545 0.5599688473520249 0.024132087227414303 0.04205607476635521
0 0.48526479750778817 0.616822429906542 0.026230529595015567 0.024922118380062273
0 0.5141183800623053 0.6214953271028036 0.018885981308411248 0.028037383177570093
0 0.3095202492211838 0.440031152647975 0.02518130841121497 0.04205607476635514
0 0.29115887850467287 0.3263239875389408 0.022033644859813073 0.032710280373831786
0 0.7774728971962617 0.3442367601246106 0.027279750778816378 0.028037383177570093
0 0.19095825545171338 0.632398753894081 0.025181308411214937 0.04049844236760123
0 0.2355501557632399 0.6495327102803737 0.024132087227414337 0.03426791277258559
0 0.3383738317757009 0.49610591900311524 0.028328971962616762 0.029595015576323932
0 0.35778442367601243 0.544392523364486 0.023082866043613707 0.029595015576324074
0 0.33050467289719626 0.5957943925233645 0.027279750778816128 0.029595015576323932
0 0.36407975077881616 0.6394080996884735 0.023082866043613707 0.029595015576323932
0 0.44329595015576323 0.6635514018691588 0.01993520249221177 0.031152647975077913
0 0.4920847352024922 0.5342679127725856 0.023082866043613707 0.028037383177570093
0 0.4438205607476635 0.42679127725856697 0.018885981308411175 0.031152647975077913
0 0.41811464174454827 0.5163551401869158 0.01573831775700931 0.03894080996884732
0 0.45064049844236764 0.5155763239875389 0.02203364485981304 0.04049844236760116
0 0.3997532710280373 0.2219626168224299 0.023082866043613776 0.020249221183800615
0 0.8414753894080996 0.2702492211838006 0.018885981308411175 0.026479750778816216
0 0.8068510903426791 0.28348909657320864 0.014689096573208644 0.01869158878504674
0 0.941676012461059 0.542834890965732 0.022033644859813108 0.026479750778816254
0 0.8760996884735204 0.528816199376947 0.018885981308411175 0.03271028037383175
0 0.857213707165109 0.6799065420560748 0.018885981308411317 0.023364485981308435
0 0.6132697819314642 0.92601246105919 0.026230529595015567 0.023364485981308292
0 0.6395003115264797 0.8574766355140188 0.013639875389408118 0.026479750778816254
0 0.6547140186915889 0.8746105919003117 0.014689096573208786 0.029595015576324074
0 0.6447464174454828 0.9080996884735203 0.01993520249221177 0.03426791277258559
0 0.9012809968847353 0.9275700934579438 0.018885981308411175 0.03271028037383175
0 0.3682766355140187 0.2858255451713395 0.0251813084112149 0.029595015576324
0 0.28433894080996885 0.03271028037383177 0.018885981308411248 0.021806853582554516
0 0.577596261682243 0.1526479750778816 0.019935202492211913 0.03738317757009346
0 0.12590654205607474 0.92601246105919 0.020984423676012456 0.03271028037383189
0 0.5151676012461059 0.40732087227414326 0.018885981308411248 0.029595015576324
0 0.44801744548286604 0.3637071651090342 0.02518130841121497 0.03271028037383182
0 0.3682766355140187 0.4338006230529595 0.010492211838006185 0.020249221183800615
0 0.4322791277258567 0.4688473520249221 0.020984423676012512 0.028037383177570093
0 0.3478168224299065 0.8761682242990654 0.02203364485981304 0.03271028037383175
