0 0.6593977154724818 0.37928348909657317 0.11007268951194185 0.08255451713395637
0 0.7092419522326064 0.45794392523364486 0.03530633437175495 0.018691588785046776
0 0.7736240913811008 0.10046728971962615 0.0851505711318795 0.05140186915887851
0 0.6905503634475599 0.1588785046728972 0.043613707165109046 0.031152647975077875
0 0.22845275181723784 0.13707165109034267 0.04153686396677049 0.03738317757009344
0 0.3696780893042576 0.039719626168224303 0.05815160955347871 0.03271028037383177
0 0.07372793354101767 0.4898753894080997 0.08515057113187957 0.04205607476635514
0 0.08203530633437175 0.6386292834890965 0.047767393561786074 0.028037383177570093
0 0.0726895119418484 0.7188473520249221 0.03738317757009348 0.029595015576324074
0 0.4257528556593978 0.9275700934579438 0.033229491173416434 0.017133956386292795
0 0.5462097611630322 0.9665109034267914 0.04569055036344764 0.04205607476635507
0 0.7538940809968857 0.9852024922118379 0.0332294911734164 0.029595015576323613
0 0.7383177570093459 0.9517133956386291 0.039460020768432004 0.028037383177570093
0 0.7850467289719627 0.956386292834891 0.024922118380062273 0.031152647975077913
0 0.9096573208722742 0.8426791277258567 0.041536863966770594 0.03426791277258573
0 0.7372793354101765 0.8294392523364487 0.05399792315680159 0.057632398753894164
0 0.6770508826583594 0.8099688473520249 0.024922118380062416 0.024922118380062273
0 0.9839044652128761 0.6292834890965734 0.03219106957424698 0.04984423676012436
0 0.8629283489096573 0.5054517133956387 0.026998961578400867 0.02647975077881618
0 0.23468328141225342 0.37772585669781933 0.029075804776739354 0.017133956386292865
0 0.013499480789200415 0.38006230529595014 0.02699896157840083 0.049844236760124616
0 0.02284527518172378 0.3107476635514018 0.03738317757009346 0.01713395638629279
0 0.20560747663551404 0.2515576323987539 0.020768431983385228 0.03271028037383175
0 0.2720664589823469 0.17367601246105915 0.02907580477673939 0.029595015576323984
0 0.4672897196261683 0.27414330218068533 0.03738317757009348 0.021806853582554523
0 0.4901349948078921 0.3364485981308411 0.02907580477673939 0.018691588785046776
0 0.42263759086188996 0.3582554517133956 0.031152647975077913 0.024922118380062273
0 0.4174454828660437 0.1557632398753894 0.020768431983385297 0.01869158878504674
0 0.45275181723779867 0.14953271028037382 0.024922118380062343 0.028037383177570093
0 0.8213914849428869 0.040498442367601244 0.035306334371754816 0.018691588785046728
0 0.8909657320872276 0.3761682242990653 0.024922118380062416 0.014018691588785047
0 0.6272066458982348 0.6409657320872273 0.02907580477673932 0.026479750778816112
0 0.38110072689511953 0.5950155763239876 0.03115264797507784 0.021806853582554523
0 0.588785046728972 0.9096573208722742 0.03530633437175503 0.018691588785046776
0 0.6895119418483907 0.6985981308411214 0.033229491173416364 0.020249221183800615
0 0.1536863966770509 0.4587227414330218 0.02492211838006229 0.020249221183800615
0 0.3509865005192108 0.17834890965732086 0.020768431983385228 0.01713395638629283
0 0.8213914849428869 0.733644859813084 0.026998961578400867 0.018691588785046776
0 0.485981308411215 0.8271028037383178 0.033229491173416434 0.021806853582554454
0 0.8411214953271029 0.748442367601246 0.016614745586708182 0.010903426791277156
0 0.7975077881619939 0.7881619937694704 0.024922118380062273 0.018691588785046634
0 0.5669781931464175 0.6370716510903427 0.024922118380062343 0.024922118380062416
0 0.3572170301142264 0.22352024922118383 0.024922118380062273 0.02024922118380065
0 0.97196261682243 0.4462616822429906 0.02907580477673946 0.017133956386292795
0 0.671858774662513 0.9127725856697819 0.035306334371754955 0.024922118380062273
