0 0.843380062305296 0.5404984423676013 0.03037383177570092 0.05295950155763243
0 0.6930295950155764 0.6588785046728972 0.02733644859813097 0.028037383177570093
0 0.5705218068535826 0.7834890965732088 0.04353582554517132 0.04984423676012455
0 0.8848909657320867 0.7694704049844237 0.042523364485982554 0.06542056074766349
0 0.10073987538940811 0.7780373831775701 0.037461059190031135 0.051401869158878524
0 0.14174454828660438 0.542834890965732 0.024299065420560755 0.04205607476635507
0 0.28703271028037386 0.2780373831775701 0.02328660436137074 0.032710280373831786
0 0.2556464174454829 0.2858255451713395 0.01923676012461062 0.04517133956386296
0 0.27741433021806855 0.33566978193146413 0.022274143302180676 0.03894080996884732
0 0.42270249221183803 0.5373831775700935 0.03341121495327101 0.04049844236760123
0 0.4146028037383178 0.6090342679127726 0.021261682242990645 0.03426791277258566
0 0.3072819314641745 0.7850467289719626 0.02733644859813083 0.03738317757009355
0 0.16553738317757008 0.9633956386292835 0.039485981308411196 0.03582554517133943
0 0.006580996884735203 0.30321910299616067 0.013161993769470406 0.03011421845338056
0 0.20856697819314643 0.07710280373831775 0.034423676012461046 0.04517133956386292
0 0.30576323987538945 0.06775700934579439 0.018224299065420554 0.0264797507788162
0 0.45763239875389417 0.18380062305295952 0.020249221183800615 0.028037383177570093
0 0.9593068535825546 0.19003115264797507 0.02328660436137085 0.043613707165109046
0 0.910202492211838 0.22585669781931464 0.014174454828660572 0.028037383177570093
0 0.9264018691588786 0.279595015576324 0.01417445482866043 0.023364485981308435
0 0.027842679127725853 0.08255451713395638 0.033411214953271026 0.04049844236760124
0 0.29057632398753896 0.40732087227414326 0.022274143302180676 0.03894080996884732
0 0.09010903426791277 0.2757009345794392 0.01822429906542057 0.031152647975077913
0 0.17110591900311525 0.33255451713395634 0.026323987538940833 0.026479750778816216
0 0.1235202492211838 0.7087227414330218 0.024299065420560737 0.03426791277258559
0 0.05922897196261683 0.5404984423676013 0.02733644859813084 0.021806853582554523
0 0.6343068535825546 0.2507788161993769 0.023286604361370634 0.031152647975077875
0 0.6510124610591901 0.2842679127725857 0.022274143302180603 0.029595015576323967
0 0.7912383177570094 0.9828660436137071 0.01721183800623038 0.028037383177570093
0 0.8130062305295951 0.9766355140186915 0.03037383177570092 0.04672897196261687
0 0.9694314641744549 0.30218068535825543 0.01518691588785046 0.031152647975077875
0 0.9152647975077882 0.5373831775700935 0.020249221183800615 0.04672897196261687
0 0.8621105919003117 0.5023364485981309 0.023286604361370707 0.029595015576323932
0 0.3918224299065421 0.14485981308411214 0.018224299065420554 0.028037383177570093
0 0.3644859813084112 0.21417445482866043 0.024299065420560807 0.03271028037383175
0 0.1554127725856698 0.39408099688473525 0.021261682242990663 0.03738317757009348
0 0.9132398753894081 0.04361370716510903 0.018224299065420554 0.031152647975077885
0 0.65 0.5747663551401868 0.020249221183800542 0.03426791277258566
0 0.9360202492211838 0.36760124610591904 0.01518691588785046 0.024922118380062343
0 0.7735202492211838 0.5693146417445483 0.01619937694704035 0.03271028037383168
0 0.7639018691588785 0.5903426791277258 0.029361370716511032 0.021806853582554523
0 0.7704828660436138 0.8629283489096573 0.028348909657321 0.03738317757009341
0 0.7031542056074767 0.7881619937694705 0.021261682242990645 0.03426791277258573
0 0.7370716510903427 0.7554517133956387 0.020249221183800757 0.028037383177570093
0 0.08859034267912773 0.39875389408099693 0.011137071651090355 0.018691588785046703
0 0.5128115264797508 0.09034267912772587 0.01316199376947047 0.0280373831775701
0 0.6570872274143302 0.14875389408099687 0.01417445482866043 0.026479750778816216
0 0.9172897196261682 0.7242990654205608 0.018224299065420554 0.03426791277258559
0 0.975 0.10747663551401868 0.010124610591900307 0.03426791277258568
0 0.259190031152648 0.7943925233644858 0.02227414330218071 0.024922118380062416
0 0.9780373831775703 0.8037383177570093 0.020249221183800473 0.03426791277258559
0 0.714291277258567 0.4127725856697819 0.019236760124610727 0.021806853582554523
0 0.5892523364485982 0.6440809968847351 0.018224299065420554 0.017133956386292865
0 0.4768691588785047 0.9283489096573209 0.016199376947040493 0.031152647975077913
0 0.43940809968847355 0.9384735202492211 0.024299065420560737 0.026479750778816254
0 0.058722741433021815 0.8185358255451713 0.022274143302180683 0.03582554517133957
0 0.14984423676012462 0.8107476635514018 0.018224299065420554 0.026479750778816254
0 0.31892523364485986 0.7118380062305295 0.0141744548286605 0.021806853582554454
0 0.2895638629283489 0.6799065420560748 0.016199376947040493 0.023364485981308435
0 0.29614485981308414 0.6604361370716512 0.02328660436137074 0.028037383177570093
0 0.22830996884735202 0.7297507788161994 0.017211838006230523 0.020249221183800615
0 0.7851635514018693 0.09735202492211836 0.025311526479750768 0.0264797507788162
0 0.8271806853582555 0.21105919003115264 0.01417445482866043 0.017133956386292865
0 0.2885514018691589 0.10280373831775702 0.018224299065420554 0.031152647975077895
0 0.30677570093457945 0.14485981308411214 0.018224299065420554 0.031152647975077875
0 0.3685358255451714 0.1440809968847352 0.020249221183800615 0.029595015576323984
0 0.39637850467289726 0.09968847352024922 0.017211838006230523 0.031152647975077875
0 0.6221573208722742 0.0646417445482866 0.017211838006230523 0.0264797507788162
0 0.6510124610591901 0.9361370716510904 0.01417445482866043 0.028037383177570235
0 0.7218847352024922 0.8317757009345794 0.018224299065420554 0.024922118380062273
