0 0.4088785046728972 0.8605919003115265 0.03374870197300105 0.03271028037383189
0 0.29595015576323985 0.9672897196261683 0.02596053997923157 0.03426791277258559
0 0.6516095534787124 0.6012461059190032 0.0259605399792315 0.028037383177570093
0 0.5289460020768432 0.5132398753894081 0.027258566978193174 0.017133956386292865
0 0.6250000000000001 0.40809968847352024 0.02206645898234683 0.024922118380062273
0 0.7768691588785046 0.2383177570093458 0.02206645898234683 0.03738317757009341
0 0.5367341640706127 0.46573208722741427 0.016874350986500558 0.021806853582554523
0 0.3744807892004154 0.4034267912772586 0.024662512980270036 0.028037383177570093
0 0.2881619937694705 0.40965732087227413 0.01817237798546213 0.028037383177570093
0 0.010384215991692626 0.8024402867967837 0.020768431983385252 0.03478711564964229
0 0.07982866043613708 0.9766355140186918 0.019470404984423668 0.018691588785046776
0 0.2258566978193147 0.9688473520249221 0.020768431983385266 0.024922118380062273
0 0.4504153686396677 0.7546728971962616 0.023364485981308362 0.026479750778816254
0 0.7126168224299064 0.9182242990654206 0.01817237798546202 0.020249221183800615
0 0.06100726895119418 0.5451713395638629 0.0181723779854621 0.024922118380062273
0 0.08696780893042576 0.396417445482866 0.01817237798546209 0.020249221183800615
0 0.06814641744548287 0.3091900311526479 0.009086188992731045 0.01713395638629283
0 0.024662512980269988 0.2609034267912772 0.012980269989615783 0.014018691588785047
0 0.011682242990654205 0.3130841121495327 0.012980269989615784 0.021806853582554523
0 0.252466251298027 0.24376947040498442 0.022066458982346868 0.0233644859813084
0 0.17393561786085152 0.18847352024922118 0.01817237798546209 0.021806853582554506
0 0.2764797507788162 0.13239875389408098 0.01817237798546213 0.028037383177570076
0 0.29075804776739356 0.09968847352024922 0.012980269989615784 0.024922118380062308
0 0.5562045690550363 0.03582554517133956 0.02725856697819303 0.034267912772585674
0 0.7645379023883697 0.030373831775700934 0.023364485981308577 0.020249221183800622
0 0.8138629283489096 0.0529595015576324 0.01298026998961575 0.01869158878504673
0 0.9352284527518173 0.04906542056074766 0.019470404984423765 0.023364485981308417
0 0.8579958463136034 0.15186915887850466 0.01298026998961575 0.0233644859813084
0 0.8761682242990655 0.2803738317757009 0.015576323987538958 0.01869158878504674
0 0.9683281412253376 0.43613707165109034 0.010384215991692685 0.024922118380062273
0 0.7548026998961579 0.588006230529595 0.011682242990654288 0.023364485981308435
0 0.4354880581516096 0.27414330218068533 0.019470404984423696 0.01869158878504674
0 0.6068276220145379 0.2858255451713395 0.006490134994807875 0.023364485981308435
0 0.6237019730010384 0.27336448598130836 0.014278296988577424 0.01713395638629283
0 0.5101246105919003 0.08411214953271028 0.01298026998961575 0.01869158878504674
0 0.3089304257528557 0.7040498442367601 0.01557632398753892 0.018691588785046776
0 0.1836708203530633 0.7320872274143302 0.016874350986500523 0.024922118380062273
0 0.2407840083073728 0.7538940809968847 0.01687435098650049 0.018691588785046776
0 0.26869158878504673 0.7445482866043613 0.015576323987538956 0.015576323987538956
0 0.3861630321910696 0.8084112149532711 0.011682242990654146 0.021806853582554596
0 0.2466251298026999 0.8886292834890966 0.01817237798546209 0.023364485981308292
0 0.2122274143302181 0.9267912772585669 0.014278296988577388 0.021806853582554454
0 0.9131619937694705 0.6674454828660435 0.019470404984423765 0.029595015576323932
0 0.944963655244029 0.6433021806853583 0.015576323987538956 0.024922118380062273
0 0.9903946002076843 0.9010903426791278 0.01298026998961575 0.020249221183800615
0 0.29205607476635514 0.4929906542056075 0.01298026998961575 0.020249221183800684
0 0.23429387331256493 0.4813084112149532 0.01427829698857736 0.02180685358255444
0 0.12266355140186917 0.5490654205607477 0.006490134994807892 0.023364485981308362
