0 0.8994022869022867 0.6538461538461539 0.046829521829521784 0.035343035343035255
0 0.8374220374220375 0.8310810810810811 0.041320166320166295 0.038461538461538394
0 0.41871101871101873 0.7338877338877339 0.027546777546777576 0.022869022869022898
0 0.09641372141372141 0.5166320166320166 0.038565488565488554 0.022869022869022898
0 0.30852390852390854 0.06340956340956341 0.04407484407484407 0.04158004158004159
0 0.08195166320166321 0.07484407484407485 0.023414760914760926 0.020790020790020788
0 0.04889553014553014 0.035343035343035345 0.015150727650727652 0.016632016632016633
0 0.42353170478170477 0.14241164241164242 0.020660083160083217 0.01871101871101871
0 0.6390852390852391 0.28794178794178793 0.01377338877338893 0.01871101871101871
0 0.7775077962577963 0.3399168399168399 0.02341476091476096 0.022869022869022898
0 0.949675155925156 0.4116424116424116 0.03167879417879419 0.022869022869022898
0 0.9917099792099792 0.2120582120582121 0.01658004158004161 0.022869022869022863
0 0.8801195426195426 0.12058212058212059 0.01652806652806646 0.01871101871101871
0 0.2369022869022869 0.3004158004158004 0.016528066528066532 0.014553014553014556
0 0.3071465696465696 0.3102910602910603 0.022037422037422018 0.015592515592515604
0 0.14324324324324322 0.1845114345114345 0.01377338877338877 0.01975051975051976
0 0.7458424526539761 0.9922037422037423 0.017932306555353394 0.015592515592515638
0 0.5895010395010395 0.7016632016632016 0.022037422037422018 0.016632016632016758
0 0.8904495841995842 0.7344074844074845 0.02341476091476082 0.013513513513513402
0 0.8828742203742204 0.6876299376299376 0.02203742203742195 0.021829521829521924
