0 0.027537364995090723 0.8071131839930453 0.05507472999018145 0.14901350740331723
0 0.23230238675345766 0.647196261682243 0.08614252639489922 0.0981308411214954
0 0.3876413687770464 0.7733644859813085 0.12003466792731857 0.11993769470404998
0 0.4067056983890323 0.8652647975077882 0.11297380510806455 0.1199376947040497
0 0.8868443700983064 0.9618380062305296 0.15251463689588718 0.0763239875389408
0 0.8776652484332763 0.866043613707165 0.11721032279961704 0.09034267912772592
0 0.8755469895875001 0.3317757009345794 0.11297380510806462 0.10903426791277258
0 0.8204722595973186 0.3442367601246106 0.06495993793713695 0.07788161993769467
0 0.9461556177800403 0.27414330218068533 0.07343297332024193 0.07476635514018688
0 0.96310168854625 0.33566978193146413 0.062135592809435425 0.08255451713395637
0 0.6700758815472077 0.34813084112149534 0.06919645562868958 0.1074766355140187
0 0.7272688703831653 0.21651090342679125 0.06495993793713709 0.06542056074766353
0 0.3452761918615222 0.2546728971962617 0.11156163254421365 0.12305295950155763
0 0.15604506830551412 0.14563862928348908 0.09743990690570563 0.11059190031152649
0 0.13133204843812504 0.03348909657320872 0.12709553074657262 0.06697819314641744
0 0.15675115458743955 0.441588785046729 0.11862249536346776 0.08566978193146418
0 0.27254930482320566 0.47352024922118374 0.11014945998036296 0.10280373831775698
0 0.44695261645878026 0.5 0.09461556177800404 0.07788161993769471
0 0.4031752669794052 0.5700934579439252 0.11438597767191531 0.09968847352024923
0 0.4617804283792138 0.661214953271028 0.059311247681733834 0.04205607476635507
0 0.4843751894008267 0.8302180685358255 0.05366255742633065 0.07476635514018697
0 0.7463331999951512 0.632398753894081 0.05789907511788314 0.06230529595015575
0 0.7971714122937803 0.6612149532710281 0.04377734947937483 0.051401869158878594
0 0.06778428306483872 0.39875389408099693 0.042365176915524196 0.049844236760124616
0 0.05789907511788307 0.29127725856697817 0.03671648666012098 0.046728971962616835
0 0.23442064559923392 0.32242990654205606 0.04518952204322581 0.0529595015576324
0 0.3495127095530746 0.35669781931464173 0.040953004351673386 0.04672897196261687
0 0.4455404438949294 0.38862928348909653 0.038128659223971795 0.03894080996884739
0 0.5013212601670364 0.41666666666666663 0.036716486660120964 0.03894080996884739
0 0.46601694607076616 0.17757009345794392 0.042365176915524216 0.04361370716510903
0 0.5048516915766633 0.2196261682242991 0.04942603973477823 0.034267912772585694
0 0.6743123992387602 0.12149532710280372 0.038128659223971795 0.02492211838006229
0 0.7696340472986896 0.12305295950155763 0.02824345127701619 0.031152647975077875
0 0.41164830236251015 0.015576323987538943 0.040953004351673455 0.031152647975077885
0 0.47237172260809474 0.04283489096573209 0.03247996896856854 0.03271028037383178
0 0.3502187958350001 0.176791277258567 0.02824345127701612 0.04205607476635516
0 0.3410396741699698 0.1292834890965732 0.04377734947937498 0.046728971962616814
0 0.13627465241160283 0.7095015576323987 0.0409530043516734 0.029595015576324074
0 0.10238251087918349 0.7040498442367601 0.040953004351673386 0.043613707165109046
0 0.13839291125737904 0.6635514018691588 0.03671648666012098 0.03738317757009341
0 0.24642411239196577 0.5669781931464174 0.04660169460707664 0.056074766355140186
0 0.9164999939391734 0.572429906542056 0.0480138671709274 0.03271028037383175
0 0.9080269585560685 0.6939252336448598 0.04518952204322588 0.05451713395638635
0 0.686315866031492 0.8021806853582555 0.039540831787822694 0.03426791277258573
0 0.6637211050098791 0.9602803738317758 0.042365176915524216 0.04828660436137071
0 0.37140138429276204 0.9680685358255451 0.059311247681733834 0.04828660436137071
0 0.25136671636544355 0.9392523364485982 0.053662557426330616 0.04672897196261687
0 0.20405893547644155 0.8442367601246105 0.04660169460707664 0.043613707165109046
0 0.19134938240178428 0.7889408099688473 0.04095300435167342 0.03894080996884739
0 0.31209013661102825 0.7305295950155763 0.03389214153241937 0.03738317757009341
0 0.255603234056996 0.7344236760124611 0.03954083178782259 0.045171339563862885
0 0.10661902857073588 0.8722741433021807 0.03530431409627015 0.031152647975077913
0 0.798583584857631 0.4890965732087227 0.03247996896856847 0.03738317757009341
0 0.766809702170988 0.5023364485981309 0.042365176915524216 0.03894080996884739
0 0.6503054656532964 0.5218068535825544 0.04660169460707657 0.0467289719626168
0 0.5931124768173388 0.5062305295950155 0.03389214153241937 0.02803738317757002
0 0.7293871292289416 0.3278816199376947 0.035304314096270134 0.04828660436137074
0 0.7724583924263912 0.7873831775700935 0.042365176915524216 0.04205607476635521
0 0.24854237123774198 0.10514018691588785 0.03389214153241937 0.04517133956386292
0 0.5775785786149799 0.5482866043613707 0.042365176915524216 0.03426791277258566
0 0.062135592809435494 0.6121495327102804 0.022594761021612904 0.0404984423676013
0 0.9638077748281754 0.6542056074766355 0.060723420245584664 0.03738317757009348
0 0.5966429082269659 0.6043613707165109 0.06072342024558473 0.03738317757009348
0 0.5542777313114416 0.29205607476635514 0.04377734947937505 0.0233644859813084
0 0.26054583803047376 0.3738317757009345 0.060723420245584664 0.03738317757009348
0 0.19487981381141128 0.338006230529595 0.02824345127701612 0.031152647975077913
0 0.08049383613949597 0.2523364485981308 0.031067796404717747 0.03738317757009341
0 0.041659090633598794 0.24454828660436134 0.021182588457762094 0.04049844236760123
0 0.019064329611985887 0.24299065420560748 0.03247996896856855 0.0467289719626168
0 0.7625731844794356 0.5763239875389408 0.03389214153241937 0.03115264797507784
0 0.565575111822248 0.9813084112149534 0.03247996896856847 0.03738317757009341
