0 0.3238774888256806 0.10903426791277258 0.04982730597318163 0.03738317757009346
0 0.23045129012596505 0.14174454828660435 0.058131856968711905 0.03426791277258566
0 0.6529453220235676 0.031931464174454825 0.05190344372206418 0.03582554517133956
0 0.8761301300284439 0.1542056074766355 0.041522754977651316 0.040498442367601244
0 0.7878942757009346 0.20794392523364486 0.06020799471759446 0.03582554517133957
0 0.8647113724095896 0.24454828660436134 0.035294341731003695 0.028037383177570093
0 0.9269955048760665 0.3037383177570093 0.02698979073547349 0.028037383177570093
0 0.5833947074360016 0.2601246105919003 0.045675030475416566 0.03426791277258566
0 0.6664402173913043 0.30607476635514014 0.03737047947988628 0.03894080996884732
0 0.8782062677773262 0.5817757009345794 0.05397958147094684 0.045171339563862885
0 0.5128060239739943 0.646417445482866 0.03737047947988621 0.028037383177570093
0 0.44948382263307596 0.6331775700934579 0.0394466172287688 0.03894080996884739
0 0.38616162129215764 0.5654205607476634 0.04982730597318159 0.03738317757009348
0 0.3352962464445347 0.514018691588785 0.04359889272653387 0.03738317757009341
0 0.09276611252864495 0.6641970082092502 0.041522754977651365 0.02492211838006251
0 0.11937792056074766 0.5973520249221184 0.03529434173100367 0.03582554517133957
0 0.811769859813084 0.8909657320872273 0.05397958147094684 0.03738317757009341
0 0.9456807446160098 0.8473520249221184 0.07266482121088998 0.056074766355140186
0 0.9145386783827711 0.747663551401869 0.05605571921982943 0.049844236760124686
0 0.9591756399837464 0.6947040498442368 0.045675030475416635 0.049844236760124686
0 0.14532964242177976 0.9127725856697819 0.058131856968711905 0.03738317757009355
0 0.04982730597318163 0.9618380062305296 0.037370479479886226 0.026479750778816254
0 0.4827020266151971 0.6931464174454828 0.047751168224299076 0.03738317757009341
0 0.5377196769605851 0.7219626168224299 0.045675030475416566 0.03582554517133957
0 0.6716305617635107 0.9376947040498442 0.04359889272653405 0.024922118380062416
0 0.5387577458350264 0.9657320872274144 0.0435988927265339 0.03738317757009341
0 0.5688617431938237 0.9361370716510904 0.03737047947988614 0.028037383177570235
0 0.18685239739943113 0.04517133956386292 0.04982730597318163 0.02180685358255452
0 0.26574563185696864 0.02258566978193146 0.04152275497765135 0.029595015576323984
0 0.47647361336854943 0.028816199376947037 0.035294341731003626 0.032710280373831765
0 0.5283770570906136 0.037383177570093455 0.0435988927265339 0.024922118380062305
0 0.09446426757415685 0.03271028037383178 0.051903443722064194 0.028037383177570097
0 0.6570975975213328 0.1440809968847352 0.031142066233238383 0.032710280373831765
0 0.5034634041040228 0.21806853582554517 0.0394466172287688 0.03738317757009348
0 0.17128136428281188 0.2126168224299065 0.0602079947175945 0.032710280373831786
0 0.3114206623323852 0.6596573208722742 0.041522754977651385 0.026479750778816112
0 0.3114206623323852 0.6822429906542056 0.053979581470946766 0.03738317757009341
0 0.2262990146281999 0.7998442367601245 0.03737047947988621 0.026479750778816112
0 0.16712908878504673 0.7725856697819314 0.0394466172287688 0.03738317757009355
0 0.20346149939049168 0.9400311526479751 0.033218203982121074 0.035825545171339714
0 0.6539833908980089 0.8169781931464175 0.053979581470946766 0.03271028037383189
0 0.756752209467696 0.2757009345794392 0.04775116822429894 0.031152647975077913
0 0.6051941537992686 0.4462616822429906 0.035294341731003695 0.03271028037383175
0 0.8325312373019098 0.8395638629283488 0.0539795814709467 0.028037383177570093
0 0.03321820398212108 0.3060747663551402 0.03321820398212108 0.029595015576323967
0 0.10692109406745225 0.278816199376947 0.0435988927265339 0.028037383177570093
0 0.5148821617228769 0.5560747663551402 0.03321820398212104 0.009345794392523388
0 0.3186871444534742 0.14719626168224298 0.04359889272653397 0.029595015576324
0 0.28027859609914674 0.0630841121495327 0.03737047947988625 0.029595015576323984
0 0.7079629723689557 0.01635514018691589 0.029065928484355935 0.029595015576323987
0 0.68720159488013 0.6059190031152647 0.04567503047541649 0.028037383177570093
0 0.9342619869971557 0.6121495327102803 0.03321820398212097 0.028037383177570093
0 0.9508710889882162 0.24299065420560745 0.041522754977651316 0.03738317757009344
0 0.624917462413653 0.8722741433021807 0.04567503047541649 0.031152647975077913
