0 0.7332421340629276 0.10465116279069768 0.038911688706490394 0.03693570451436388
0 0.4462684298525612 0.15047879616963067 0.03161574707402345 0.03283173734610125
0 0.40918072655418763 0.04377564979480164 0.03526371789025688 0.03556771545827633
0 0.30217358261133914 0.14979480164158687 0.03769569843441253 0.03693570451436388
0 0.6396108831129351 0.25718194254445964 0.038911688706490255 0.03283173734610124
0 0.5484116127070985 0.2222982216142271 0.0607995136038911 0.05061559507523942
0 0.8347773217814258 0.07592339261285909 0.042559659522723906 0.034199726402188796
0 0.1453108375132999 0.16005471956224349 0.03283173734610124 0.041039671682626525
0 0.17327861377108986 0.02188782489740082 0.025535795713634287 0.03283173734610124
0 0.4608603131174951 0.4493844049247606 0.03404772761817902 0.039671682626538994
0 0.03769569843441253 0.35294117647058826 0.024319805441556472 0.03556771545827637
0 0.03647970816233471 0.4015047879616963 0.03161574707402341 0.031463748290013596
0 0.03830369357045144 0.4548563611491108 0.023103815169478646 0.025991792065663474
