0 0.8584696261682242 0.7040498442367601 0.06911993769470413 0.08722741433021809
0 0.8695288161993769 0.49221183800623053 0.024883177570093267 0.03115264797507784
0 0.8660728193146419 0.4127725856697819 0.02903037383177576 0.03426791277258566
0 0.9089271806853583 0.07554517133956386 0.01797118380062301 0.03582554517133957
0 0.7243769470404985 0.048286604361370715 0.027647975077881595 0.028037383177570097
0 0.7126265576323988 0.010903426791277258 0.023500778816199386 0.021806853582554516
0 0.10367990654205608 0.05140186915887851 0.04700155763239877 0.040498442367601244
0 0.2674941588785047 0.05996884735202492 0.023500778816199386 0.03271028037383178
0 0.32140771028037385 0.12616822429906535 0.017971183800623024 0.024922118380062207
0 0.1638142523364486 0.27180685358255446 0.020735981308411196 0.023364485981308435
0 0.12510708722741434 0.20404984423676012 0.012441588785046722 0.021806853582554523
0 0.3110397196261683 0.9517133956386293 0.03041277258566982 0.04049844236760123
0 0.08294392523364486 0.8208722741433021 0.016588785046728977 0.021806853582554596
0 0.11335669781931465 0.7749221183800623 0.022118380062305293 0.020249221183800615
0 0.11059190031152649 0.7313084112149534 0.01658878504672897 0.023364485981308435
0 0.13685747663551404 0.6876947040498442 0.019353582554517138 0.014018691588784975
0 0.04147196261682243 0.940809968847352 0.022118380062305293 0.024922118380062273
0 0.33868769470404986 0.5973520249221184 0.019353582554517176 0.014018691588785047
0 0.2757885514018692 0.6191588785046729 0.01797118380062308 0.020249221183800542
0 0.37946845794392525 0.6666666666666665 0.01797118380062301 0.024922118380062416
0 0.6151674454828661 0.5965732087227414 0.013823987538940728 0.012461059190031208
0 0.7015673676012462 0.766355140186916 0.023500778816199386 0.018691588785046776
0 0.7741433021806854 0.24376947040498442 0.019353582554517176 0.02024922118380058
0 0.5909754672897196 0.2523364485981308 0.015206386292834892 0.012461059190031137
0 0.5439739096573208 0.2702492211838006 0.02073598130841127 0.01713395638629283
0 0.4969723520249222 0.3372274143302181 0.015206386292834963 0.014018691588785047
0 0.7713785046728973 0.3574766355140187 0.02211838006230522 0.023364485981308362
0 0.7962616822429908 0.3411214953271028 0.01382398753894094 0.028037383177570093
0 0.992133956386293 0.3917445482866043 0.01573208722741427 0.017133956386292865
0 0.8798968068535825 0.11059190031152648 0.020735981308411196 0.021806853582554523
0 0.6621690031152648 0.10669781931464176 0.019353582554517176 0.023364485981308417
0 0.7934968847352024 0.11292834890965732 0.016588785046728987 0.023364485981308417
0 0.22049260124610595 0.5070093457943925 0.012441588785046705 0.020249221183800615
0 0.24606697819314644 0.48598130841121495 0.019353582554517103 0.018691588785046776
0 0.16243185358255452 0.5654205607476636 0.009676791277258588 0.024922118380062273
0 0.30067172897196265 0.29361370716510904 0.015206386292834892 0.023364485981308435
0 0.19560942367601247 0.34190031152647976 0.020735981308411196 0.017133956386292865
0 0.8819704049844236 0.9112149532710281 0.016588785046728987 0.009345794392523317
0 0.5951226635514019 0.9953271028037384 0.026265576323987575 0.009345794392523317
0 0.4161020249221184 0.9813084112149534 0.01105919003115261 0.018691588785046776
0 0.5806074766355142 0.3426791277258567 0.01105919003115261 0.018691588785046776
0 0.5847546728971963 0.3660436137071651 0.019353582554517103 0.015576323987538956
0 0.9835767133956387 0.08722741433021806 0.020735981308411196 0.012461059190031154
0 0.48660436137071655 0.5389408099688473 0.01105919003115261 0.024922118380062343
0 0.32901090342679135 0.4766355140186916 0.013823987538940798 0.024922118380062343
0 0.5156347352024921 0.8442367601246107 0.019353582554517103 0.018691588785046908
