0 0.3160054719562243 0.7777017783857729 0.06019151846785224 0.06703146374829004
0 0.6149110807113543 0.6703146374829001 0.058823529411764636 0.07113543091655274
0 0.8515731874145007 0.7872777017783857 0.045143638850889116 0.05608755129958965
0 0.7824897400820794 0.6094391244870041 0.03556771545827644 0.04514363885088926
0 0.5690834473324213 0.585499316005472 0.0383036935704515 0.04651162790697669
0 0.25239398084815323 0.4753761969904241 0.039671682626538994 0.04514363885088919
0 0.06087551299589604 0.1265389876880985 0.0451436388508892 0.045143638850889206
0 0.2051983584131327 0.19630642954856362 0.05198358413132695 0.050615595075239384
0 0.13337893296853626 0.7318741450068399 0.04240766073871409 0.03830369357045143
0 0.8768809849521204 0.6101231190150479 0.0355677154582763 0.041039671682626636
0 0.956908344733242 0.2913816689466484 0.03419972640218887 0.04377564979480166
0 0.9261285909712723 0.12722298221614228 0.03283173734610131 0.04924760601915185
0 0.5362517099863201 0.18467852257181946 0.030095759233926173 0.03556771545827633
0 0.14774281805745557 0.019151846785225718 0.024623803009575927 0.030095759233926128
0 0.8023255813953489 0.8994528043775649 0.042407660738713986 0.04787961696306439
0 0.9487004103967169 0.8549931600547196 0.03967168262653914 0.05198358413132695
0 0.5779753761969905 0.896032831737346 0.0341997264021888 0.02735978112175104
0 0.3023255813953488 0.6880984952120383 0.03283173734610124 0.04103967168262656
0 0.8926128590971271 0.42270861833105333 0.036935704514364 0.03830369357045143
0 0.8850889192886457 0.4610123119015049 0.02735978112175104 0.030095759233926104
0 0.9630642954856361 0.5232558139534884 0.0273597811217509 0.028727770177838608
0 0.49794801641586867 0.8214774281805746 0.04651162790697669 0.04514363885088926
0 0.8050615595075239 0.7900136798905609 0.036935704514363864 0.03693570451436372
0 0.16963064295485636 0.765389876880985 0.02188782489740081 0.023255813953488344
0 0.3426812585499316 0.12995896032831739 0.042407660738714055 0.03556771545827633
0 0.7325581395348837 0.032831737346101224 0.031463748290013596 0.032831737346101224
0 0.9829001367989056 0.8919288645690834 0.023255813953488344 0.02735978112175104
0 0.9897400820793433 0.8584131326949384 0.02051983584131321 0.028727770177838608
0 0.9904240766073872 0.48221614227086185 0.019151846785225787 0.028727770177838608
0 0.9186046511627908 0.5581395348837209 0.025991792065663474 0.02735978112175097
0 0.36730506155950754 0.5807113543091655 0.025991792065663474 0.036935704514363864
0 0.05882352941176471 0.506155950752394 0.03556771545827634 0.03556771545827637
