0 0.18673050615595074 0.7845417236662107 0.0971272229822161 0.08618331053351568
0 0.5964432284541723 0.6497948016415869 0.07387140902872773 0.07934336525307799
0 0.7818057455540355 0.8378932968536253 0.045143638850889116 0.05608755129958965
0 0.8686730506155951 0.04856361149110807 0.13679890560875507 0.09712722298221614
0 0.8953488372093023 0.551983584131327 0.028727770177838608 0.039671682626538925
0 0.9398084815321477 0.41450068399452805 0.03283173734610116 0.04377564979480162
0 0.7612859097127224 0.3768809849521204 0.039671682626538994 0.03146374829001374
0 0.6785225718194254 0.23461012311901505 0.04103967168262642 0.04240766073871413
0 0.6450068399452804 0.1846785225718194 0.028727770177838535 0.03283173734610124
0 0.5389876880984952 0.24487004103967167 0.02462380300957591 0.03556771545827633
0 0.32831737346101236 0.4384404924760602 0.03283173734610124 0.031463748290013666
0 0.24829001367989056 0.23255813953488372 0.023255813953488413 0.03283173734610124
0 0.01709986320109439 0.19493844049247605 0.03146374829001368 0.028727770177838608
0 0.7701778385772914 0.4062927496580027 0.021887824897400775 0.021887824897400775
0 0.9849521203830369 0.6101231190150479 0.030095759233926173 0.04924760601915182
0 0.7339261285909713 0.6231190150478796 0.036935704514363864 0.036935704514363864
0 0.6046511627906977 0.8912448700410397 0.03283173734610124 0.025991792065663474
0 0.44596443228454175 0.9801641586867305 0.03283173734610124 0.036935704514363864
0 0.1969904240766074 0.920656634746922 0.04651162790697672 0.043775649794801696
0 0.7640218878248973 0.7462380300957592 0.025991792065663474 0.023255813953488202
0 0.7339261285909714 0.8269493844049248 0.03146374829001374 0.039671682626538994
0 0.9384404924760602 0.7660738714090287 0.03283173734610116 0.038303693570451575
0 0.9110807113543092 0.8372093023255814 0.04103967168262656 0.04103967168262656
0 0.8974008207934336 0.9760601915184678 0.03283173734610131 0.039671682626538994
0 0.9644322845417236 0.5307797537619698 0.03283173734610116 0.04651162790697669
0 0.6504787961696306 0.43091655266757867 0.023255813953488344 0.0355677154582763
0 0.39261285909712723 0.41928864569083446 0.019151846785225714 0.028727770177838535
0 0.23461012311901505 0.28317373461012313 0.025991792065663474 0.03283173734610124
0 0.16757865937072505 0.2667578659370725 0.03693570451436388 0.03556771545827633
0 0.6641586867305062 0.2811217510259918 0.025991792065663332 0.03146374829001363
0 0.6306429548563611 0.1292749658002736 0.03283173734610116 0.03693570451436388
0 0.5321477428180574 0.00957592339261286 0.030095759233926173 0.01915184678522572
0 0.3091655266757866 0.08618331053351573 0.02462380300957598 0.03009575923392614
0 0.20725034199726403 0.01162790697674419 0.03419972640218877 0.02325581395348838
0 0.12038303693570451 0.04377564979480164 0.027359781121751022 0.027359781121751022
0 0.24145006839945282 0.5725034199726403 0.0369357045143639 0.039671682626538925
0 0.3960328317373461 0.7879616963064295 0.023255813953488413 0.02735978112175104
0 0.27906976744186046 0.8317373461012312 0.021887824897400848 0.02462380300957591
0 0.2612859097127223 0.9863201094391245 0.03283173734610124 0.02735978112175104
0 0.8331053351573188 0.7879616963064295 0.02735978112175104 0.030095759233926173
