0 0.2254551207165109 0.8870716510903427 0.054233190550363485 0.04828660436137071
0 0.540007625908619 0.9454828660436138 0.06972838785046732 0.03426791277258573
0 0.4687297183281413 0.9665109034267912 0.03873799325025964 0.029595015576323932
0 0.40055085020768433 0.8185358255451713 0.041837032710280296 0.03582554517133957
0 0.29130970924195226 0.602803738317757 0.06198078920041539 0.056074766355140186
0 0.41372176791277254 0.5934579439252335 0.052683670820353044 0.05295950155763236
0 0.4540092808930426 0.5599688473520249 0.03408943406022843 0.03894080996884732
0 0.3811818535825545 0.5007788161993769 0.046485591900311506 0.03582554517133957
0 0.43696456386292837 0.43847352024922115 0.06198078920041539 0.06386292834890966
0 0.46485591900311524 0.5 0.06198078920041539 0.0467289719626168
0 0.5384581061786086 0.5218068535825544 0.08522358515057121 0.07165109034267907
0 0.488098714953271 0.5443925233644858 0.046485591900311575 0.035825545171339644
0 0.6260059709241953 0.6557632398753894 0.04958463136033238 0.04672897196261687
0 0.8042007398753894 0.7056074766355139 0.0712779075804778 0.04049844236760123
0 0.7732103452751818 0.752336448598131 0.052683670820352975 0.03738317757009341
0 0.8700553284008308 0.6082554517133956 0.05113415109034264 0.0358255451713395
0 0.9555588006230531 0.5825545171339563 0.07338720145379014 0.07476635514018688
0 0.9529546339563864 0.6612149532710281 0.0650798286604362 0.060747663551401834
0 0.8677310488058151 0.8333333333333335 0.04958463136033231 0.056074766355140186
0 0.371109975337487 0.3434579439252336 0.05733223001038418 0.08566978193146418
0 0.29285922897196265 0.29672897196261677 0.0650798286604362 0.06697819314641748
0 0.23862603842159916 0.40654205607476634 0.04338655244029077 0.056074766355140186
0 0.17896952881619937 0.27414330218068533 0.05423319055036344 0.06230529595015575
0 0.2897601895119418 0.07476635514018691 0.06507982866043616 0.06230529595015577
0 0.8568844106957425 0.40654205607476634 0.046485591900311506 0.059190031152648
0 0.620582651869159 0.308411214953271 0.06043126947040506 0.06230529595015579
0 0.04261179257528557 0.5864485981308412 0.044936072170301135 0.051401869158878524
0 0.024792315680166144 0.543613707165109 0.04958463136033229 0.05295950155763243
0 0.2696164330218069 0.8045171339563862 0.03718847352024923 0.03271028037383175
0 0.08212454569055037 0.6799065420560748 0.03408943406022844 0.04205607476635507
0 0.3920284916926272 0.09345794392523364 0.03408943406022836 0.04984423676012462
0 0.3277234228971963 0.15809968847352024 0.03563895379023883 0.023364485981308435
0 0.46950447819314645 0.03426791277258567 0.046485591900311575 0.02180685358255451
0 0.8367406542056075 0.12694704049844238 0.040287512980270036 0.029595015576323984
0 0.20763564382139146 0.9361370716510904 0.030990394600207694 0.021806853582554596
0 0.7739851051401869 0.441588785046729 0.03873799325025942 0.04205607476635514
0 0.5214133891484943 0.20327102803738317 0.041837032710280365 0.03582554517133957
0 0.6655187240394599 0.8411214953271027 0.038737993250259485 0.018691588785046634
0 0.572547540238837 0.042834890965732085 0.026341835410176557 0.02336448598130841
0 0.7290490329698859 0.028037383177570093 0.041837032710280365 0.031152647975077875
0 0.6314292899792316 0.025700934579439248 0.05423319055036352 0.03894080996884734
0 0.5043686721183801 0.028037383177570093 0.026341835410176557 0.031152647975077875
0 0.44393740264797515 0.7702492211838006 0.03563895379023883 0.03271028037383189
0 0.33392150181723784 0.7289719626168224 0.038737993250259596 0.031152647975077913
0 0.12318681853582554 0.5623052959501557 0.03253991433021808 0.028037383177570162
0 0.32384962357217034 0.4984423676012461 0.02789135514018696 0.028037383177570093
0 0.37730805425752856 0.5794392523364487 0.03873799325025956 0.03426791277258566
0 0.5655747014537903 0.8130841121495328 0.046485591900311506 0.043613707165109046
