0 0.4105724299065421 0.7725856697819314 0.04147196261682239 0.031152647975077913
0 0.2488317757009346 0.8473520249221184 0.022118380062305328 0.03738317757009341
0 0.3677180685358256 0.9454828660436138 0.033177570093457974 0.03426791277258573
0 0.4402940031152649 0.9127725856697819 0.015206386292834892 0.024922118380062273
0 0.20183021806853582 0.6947040498442368 0.04423676012461062 0.05295950155763236
0 0.1278718847352025 0.7414330218068537 0.015206386292834875 0.018691588785046776
0 0.12579828660436138 0.7795950155763239 0.013823987538940817 0.020249221183800757
0 0.14238707165109032 0.7554517133956387 0.013823987538940817 0.015576323987538956
0 0.04700155763239875 0.7227414330218067 0.016588785046728977 0.024922118380062416
0 0.02280957943925234 0.7211838006230529 0.009676791277258567 0.021806853582554596
0 0.04216316199376948 0.9299065420560747 0.012441588785046727 0.015576323987538956
0 0.22325739875389408 0.09735202492211836 0.04838395638629283 0.07009345794392523
0 0.09953271028037385 0.17445482866043613 0.02488317757009346 0.03738317757009346
0 0.07810552959501559 0.2570093457943925 0.03455996884735203 0.04049844236760123
0 0.43752920560747655 0.2227414330218068 0.05114875389408113 0.06542056074766352
0 0.4313084112149533 0.10825545171339562 0.033177570093457974 0.04517133956386292
0 0.5730042834890966 0.11838006230529594 0.02903037383177569 0.031152647975077875
0 0.6110202492211838 0.14953271028037382 0.030412772585669785 0.024922118380062325
0 0.7181561526479748 0.6440809968847353 0.042854361370716416 0.05763239875389416
0 0.972517523364486 0.6985981308411214 0.023500778816199386 0.029595015576323932
0 0.9351927570093459 0.32866043613707163 0.031795171339563805 0.046728971962616835
0 0.9096183800623053 0.16822429906542055 0.04700155763239877 0.031152647975077895
0 0.6255354361370717 0.2305295950155763 0.034559968847352 0.03738317757009344
0 0.7713785046728971 0.1674454828660436 0.03317757009345783 0.03582554517133959
0 0.2875389408099689 0.6199376947040498 0.022118380062305293 0.03426791277258566
0 0.36149727414330224 0.27180685358255446 0.031795171339563805 0.02647975077881618
0 0.37324766355140193 0.2383177570093458 0.016588785046728987 0.012461059190031171
0 0.9808119158878504 0.7313084112149534 0.02903037383177576 0.029595015576324074
0 0.10022390965732088 0.6775700934579438 0.020735981308411235 0.021806853582554596
0 0.12303348909657322 0.6612149532710281 0.013823987538940832 0.023364485981308417
0 0.18524143302180687 0.6542056074766356 0.022118380062305293 0.012461059190031137
0 0.23431658878504674 0.22352024922118383 0.015206386292834892 0.0233644859813084
0 0.3310845015576324 0.14563862928348908 0.01797118380062301 0.020249221183800632
0 0.14791666666666667 0.012461059190031152 0.01935358255451712 0.018691588785046728
0 0.23224299065420564 0.015576323987538943 0.016588785046728987 0.015576323987538943
0 0.8474104361370718 0.8084112149532711 0.019353582554517176 0.021806853582554596
0 0.20874221183800626 0.8309968847352025 0.02488317757009348 0.026479750778816112
0 0.10022390965732088 0.5202492211838006 0.020735981308411235 0.024922118380062343
0 0.17003504672897196 0.5186915887850466 0.013823987538940798 0.015576323987538885
0 0.2080510124610592 0.4820872274143302 0.01797118380062308 0.014018691588785047
0 0.24606697819314644 0.48831775700934577 0.01105919003115261 0.010903426791277298
0 0.23086059190031155 0.5809968847352025 0.011059190031152681 0.015576323987538956
0 0.239154984423676 0.5521806853582555 0.019353582554517138 0.026479750778816254
0 0.21565420560747664 0.9789719626168224 0.016588785046728987 0.017133956386292795
0 0.6435066199376948 0.8917445482866043 0.01797118380062308 0.017133956386292795
0 0.7195385514018693 0.9260124610591902 0.012441588785046776 0.014018691588785118
0 0.7693049065420561 0.4610591900311526 0.015206386292834821 0.024922118380062343
0 0.8681464174454828 0.38707165109034264 0.016588785046728987 0.023364485981308362
0 0.8404984423676012 0.3543613707165109 0.011059190031152752 0.017133956386292795
0 0.10990070093457945 0.08566978193146417 0.009676791277258569 0.021806853582554523
0 0.06359034267912772 0.019470404984423675 0.011059190031152655 0.020249221183800622
0 0.9914427570093457 0.12305295950155763 0.017114485981308433 0.021806853582554506
0 0.9586935358255453 0.006230529595015574 0.023500778816199386 0.012461059190031149
0 0.34283489096573205 0.8325545171339565 0.022118380062305293 0.029595015576323932
0 0.30412772585669784 0.8294392523364487 0.022118380062305255 0.020249221183800615
0 0.4409852024922119 0.33489096573208726 0.013823987538940798 0.021806853582554523
0 0.48383956386292837 0.27258566978193144 0.02211838006230522 0.028037383177570093
0 0.768613707165109 0.3052959501557632 0.016588785046728845 0.021806853582554523
0 0.7464953271028036 0.308411214953271 0.016588785046728987 0.01869158878504674
0 0.7651577102803739 0.3348909657320872 0.012441588785046776 0.015576323987538956
0 0.8964855919003116 0.2071651090342679 0.012441588785046776 0.015576323987538956
0 0.8861176012461062 0.29127725856697817 0.01105919003115261 0.021806853582554523
0 0.9033975856697819 0.32087227414330216 0.012441588785046776 0.01869158878504674
0 0.6393594236760125 0.04595015576323988 0.020735981308411196 0.020249221183800622
